timestamp,open,high,low,close,volume,close_time,quote_av,trades,tb_base_av,tb_quote_av
2020-09-04,4.12000000,4.12000000,2.59000000,2.93800000,731752.55100000,1599263999999,2167055.76283800,9451,372737.72900000,1104982.67108500
2020-09-05,2.93800000,3.15000000,1.82600000,2.14300000,2322020.36100000,1599350399999,5554434.30052300,26493,1051415.10400000,2529735.12569100
2020-09-06,2.14300000,2.60000000,1.90200000,2.31600000,1865004.66400000,1599436799999,4142246.82601200,19275,944215.19000000,2097216.02585900
2020-09-07,2.31600000,2.45000000,1.86000000,2.18900000,1384710.49400000,1599523199999,2896747.27203700,12934,607617.82600000,1275251.32632400
2020-09-08,2.19900000,2.24600000,1.86100000,1.99500000,870729.73000000,1599609599999,1769922.52482200,9694,397790.16500000,809746.31052600
2020-09-09,2.02000000,2.27300000,1.88200000,2.14600000,1039498.17500000,1599695999999,2194577.92753100,9843,518218.26800000,1093028.54254800
2020-09-10,2.15600000,2.46600000,2.13500000,2.19300000,1296251.85900000,1599782399999,2973125.87694900,12568,621564.55100000,1425031.24975600
2020-09-11,2.19300000,2.30700000,1.98500000,2.18200000,814701.94300000,1599868799999,1753982.11534600,8030,346262.55200000,742715.86758800
2020-09-12,2.18500000,2.98000000,2.05000000,2.75400000,2179260.90600000,1599955199999,5443037.58078500,21035,1101485.44300000,2759633.20706700
2020-09-13,2.75500000,2.98000000,2.15900000,2.37600000,3625029.04700000,1600041599999,9186291.25866500,34784,1726242.27900000,4362115.32256400
2020-09-14,2.37600000,2.95500000,2.25000000,2.70100000,2745960.97900000,1600127999999,7305051.37487500,28607,1423692.62800000,3792177.71546500
2020-09-15,2.69700000,2.93500000,2.29600000,2.40100000,2571952.70700000,1600214399999,6680756.55645800,24988,1074066.90200000,2790078.04941800
2020-09-16,2.40300000,2.51100000,2.03100000,2.16400000,2180834.43500000,1600300799999,4927993.75293900,23168,851375.04000000,1933855.93162800
2020-09-17,2.17200000,2.31000000,1.88800000,2.02800000,1678727.17000000,1600387199999,3430503.39237600,14520,650688.16000000,1332991.46943300
2020-09-18,2.02800000,2.23000000,1.81800000,1.90700000,2201299.41700000,1600473599999,4429379.82698200,17656,905723.19700000,1829131.19300100
2020-09-19,1.91300000,2.18000000,1.81000000,2.13000000,1768520.19900000,1600559999999,3496326.10666100,15310,855886.20400000,1704912.05289700
2020-09-20,2.13000000,2.13400000,1.82100000,1.87800000,1189882.99100000,1600646399999,2329577.48110800,10202,476006.84900000,933495.22859200
2020-09-21,1.87700000,1.94400000,1.36400000,1.47600000,2525410.19000000,1600732799999,3991072.49160600,20168,1036261.08200000,1638948.14869300
2020-09-22,1.47700000,1.60500000,1.28600000,1.47200000,2364515.80500000,1600819199999,3332679.20894500,16155,1162283.25500000,1639587.48272100
2020-09-23,1.47200000,1.51700000,1.18600000,1.20000000,2448407.61400000,1600905599999,3346256.57733500,18264,1069203.06100000,1465695.71726600
2020-09-24,1.20000000,1.55000000,1.16000000,1.50700000,2053976.23300000,1600991999999,2731415.68585700,13598,1049486.87400000,1403145.59693600
2020-09-25,1.50700000,1.68900000,1.36000000,1.60400000,1945754.47700000,1601078399999,2921559.75029200,13885,902456.91400000,1351913.10898500
2020-09-26,1.60400000,1.74000000,1.47300000,1.52200000,1343975.13100000,1601164799999,2126679.81306200,10183,595070.44500000,943505.00286700
2020-09-27,1.51300000,1.57600000,1.31500000,1.43100000,1198951.94600000,1601251199999,1712041.90986700,8794,506828.71800000,725492.18250700
2020-09-28,1.43100000,1.53900000,1.25000000,1.35700000,2802375.86700000,1601337599999,3831410.80297100,17377,1355529.65000000,1860098.07395000
2020-09-29,1.35700000,1.41300000,1.13400000,1.20800000,3018150.18900000,1601423999999,3760340.29143700,14778,1135979.73800000,1421771.24612300
2020-09-30,1.20600000,1.52000000,1.11200000,1.43800000,5614275.32600000,1601510399999,7199258.83264900,25912,2756826.41700000,3568102.25386200
2020-10-01,1.43600000,1.53500000,1.21700000,1.40000000,3811256.79200000,1601596799999,5228311.39652400,21304,1679321.01100000,2318766.24104100
2020-10-02,1.39900000,1.40000000,1.16700000,1.30000000,2998730.90000000,1601683199999,3807546.66023200,15375,1320964.80800000,1679239.74540500
2020-10-03,1.30000000,1.36000000,1.25200000,1.25400000,1279206.79400000,1601769599999,1677583.63302000,7060,549580.93500000,721461.45589600
2020-10-04,1.26000000,1.29700000,1.20700000,1.25300000,1035046.37200000,1601855999999,1290189.64781600,5468,514204.25600000,640965.87294200
2020-10-05,1.25400000,1.26700000,1.17400000,1.19700000,1022721.22400000,1601942399999,1242479.96069700,5351,438945.78000000,533532.42935100
2020-10-06,1.19800000,1.20700000,1.01000000,1.02900000,2446272.18700000,1602028799999,2641002.79673900,10757,1116792.67600000,1201538.93079200
2020-10-07,1.02800000,1.17200000,0.91800000,1.06100000,2563411.90400000,1602115199999,2648808.25566000,11925,1209963.04000000,1251217.39336000
2020-10-08,1.06200000,1.22900000,0.98200000,1.22300000,2106276.41600000,1602201599999,2320524.91956300,10576,1034702.33500000,1144107.20378800
2020-10-09,1.22700000,1.35600000,1.18000000,1.26400000,1964742.51900000,1602287999999,2500441.81829900,10876,936177.24200000,1194857.21963000
2020-10-10,1.26400000,1.34500000,1.19000000,1.30100000,1563632.62400000,1602374399999,1991182.31210800,8977,776333.37400000,991944.85394800
2020-10-11,1.30300000,1.51600000,1.29100000,1.48300000,2087427.36300000,1602460799999,2958775.63653800,12522,1120668.44600000,1591305.08988600
2020-10-12,1.48600000,1.59900000,1.31700000,1.51800000,1953906.83300000,1602547199999,2859942.35021900,11374,947300.05600000,1388972.59659200
2020-10-13,1.51900000,1.58000000,1.42900000,1.52000000,1225138.92000000,1602633599999,1840536.93694800,8600,530066.70000000,797783.59627900
2020-10-14,1.51900000,1.61300000,1.37200000,1.42000000,1526801.37700000,1602719999999,2290429.28756400,10506,696453.77900000,1046876.37316600
2020-10-15,1.41500000,1.42000000,1.24800000,1.35000000,1801095.41400000,1602806399999,2396144.62693700,11704,818791.81400000,1089312.76867500
2020-10-16,1.35000000,1.39200000,1.20200000,1.21600000,853737.09700000,1602892799999,1096651.32800700,6269,368308.99000000,474207.46581300
2020-10-17,1.21500000,1.30500000,1.21300000,1.28500000,671770.61600000,1602979199999,849262.29237300,4055,340506.93600000,432237.84920700
2020-10-18,1.27900000,1.46900000,1.27300000,1.34400000,1335425.10000000,1603065599999,1859001.58756800,8969,664245.97800000,923726.66251200
2020-10-19,1.34000000,1.41900000,1.24900000,1.28100000,1457075.17700000,1603151999999,1918206.28463600,10594,562680.35300000,746490.41569700
2020-10-20,1.27800000,1.28900000,1.11200000,1.14100000,1313781.75700000,1603238399999,1552627.29281400,8397,534084.15600000,630663.79411900
2020-10-21,1.14100000,1.28400000,1.10700000,1.19000000,1954977.62000000,1603324799999,2331423.45399000,11121,1014570.70500000,1210843.72139400
2020-10-22,1.19000000,1.32900000,1.17000000,1.27800000,1701383.65200000,1603411199999,2156459.96700100,10622,818618.57200000,1039199.99841000
2020-10-23,1.27700000,1.35000000,1.20800000,1.24400000,1000638.67400000,1603497599999,1276801.19446200,6925,469969.50200000,602715.80476000
2020-10-24,1.24800000,1.45000000,1.21000000,1.40000000,1560687.50400000,1603583999999,2081256.26723600,10057,828400.11700000,1109084.18801400
2020-10-25,1.40000000,1.49500000,1.32300000,1.46900000,1993453.94100000,1603670399999,2787809.00751500,13111,989049.51500000,1388916.28599400
2020-10-26,1.47100000,1.51400000,1.23200000,1.33500000,2178274.75000000,1603756799999,2978908.59093600,15259,989894.36900000,1357840.48262700
2020-10-27,1.33000000,1.33500000,1.23600000,1.26700000,1323504.79500000,1603843199999,1686637.01083300,8666,594296.80800000,759079.80746600
2020-10-28,1.26700000,1.28500000,1.15000000,1.17400000,1323814.34300000,1603929599999,1593263.20624300,8044,533733.08900000,644864.50515900
2020-10-29,1.17700000,1.26300000,1.15000000,1.15700000,1158429.48400000,1604015999999,1381800.00590600,7890,543873.92400000,650948.37295600
2020-10-30,1.15700000,1.17200000,1.04100000,1.13400000,1333576.60000000,1604102399999,1473689.14437100,10145,630302.98700000,696634.62190600
2020-10-31,1.13500000,1.17400000,1.06700000,1.09000000,972426.40500000,1604188799999,1102061.53295600,7120,435470.07800000,494528.17135400
2020-11-01,1.08800000,1.14000000,1.07200000,1.13300000,829355.88300000,1604275199999,914510.12317400,6560,410745.51400000,453501.32289300
2020-11-02,1.13200000,1.16000000,1.04700000,1.09000000,1032174.90400000,1604361599999,1130869.27576000,6440,458584.30000000,502666.98550900
2020-11-03,1.08800000,1.08900000,0.95500000,0.97300000,1281914.02500000,1604447999999,1277110.44700100,7505,566876.77000000,564960.97498800
2020-11-04,0.97700000,1.06800000,0.95000000,1.02200000,1337527.56500000,1604534399999,1359668.69643000,7825,604856.52400000,617052.86893600
2020-11-05,1.02000000,1.11000000,0.98000000,1.03200000,1614859.82700000,1604620799999,1681885.01436400,9298,723823.43500000,758460.58806100
2020-11-06,1.03200000,1.22900000,1.03000000,1.19900000,2238679.66500000,1604707199999,2569934.66792800,13315,1113614.50600000,1277568.17914800
2020-11-07,1.19500000,1.30000000,1.00100000,1.10000000,3177149.21800000,1604793599999,3726440.87554300,17123,1428342.59100000,1688448.91496400
2020-11-08,1.09700000,1.16700000,1.05800000,1.11800000,1370309.77400000,1604879999999,1527165.73516300,8606,629011.18600000,702428.68191700
2020-11-09,1.11900000,1.15900000,1.04200000,1.08100000,2207264.46100000,1604966399999,2425654.80352800,11910,994726.02400000,1095979.29031200
2020-11-10,1.08000000,1.26000000,1.06600000,1.22600000,3044655.21200000,1605052799999,3567624.78572200,15272,1377912.02800000,1619606.33564500
2020-11-11,1.22700000,1.25400000,1.13200000,1.14800000,2326103.64700000,1605139199999,2781450.08108700,12383,958779.68500000,1149541.50485900
2020-11-12,1.14800000,1.17000000,1.03300000,1.08700000,2428394.79400000,1605225599999,2681952.19627200,12414,1017746.33100000,1125177.33782500
2020-11-13,1.08600000,1.19500000,1.07800000,1.15900000,1970572.71200000,1605311999999,2260934.98088900,12563,910884.39600000,1046214.83904100
2020-11-14,1.15900000,1.18000000,1.07600000,1.15100000,2181024.21500000,1605398399999,2448395.46074100,11662,933252.57800000,1050503.09890900
2020-11-15,1.15100000,1.29300000,1.10900000,1.26400000,4216247.76300000,1605484799999,5084850.62721500,28485,2112454.72300000,2556531.05046000
2020-11-16,1.26500000,1.44300000,1.23200000,1.33900000,5064518.00700000,1605571199999,6711886.37584500,35787,2401781.69000000,3189163.01111700
2020-11-17,1.33900000,1.35400000,1.21400000,1.27400000,2900853.64500000,1605657599999,3733146.20165400,23027,1251508.88000000,1617685.14053300
2020-11-18,1.27500000,1.35000000,1.11500000,1.19600000,3280714.02500000,1605743999999,3965014.69601300,22600,1402420.39600000,1699443.05068800
2020-11-19,1.19600000,1.22400000,1.13400000,1.16000000,2179425.39900000,1605830399999,2563623.67580300,17191,947315.37700000,1117802.43941800
2020-11-20,1.16300000,1.31000000,1.15500000,1.24700000,2610688.10400000,1605916799999,3264570.18964500,20260,1192574.76500000,1493888.05650200
2020-11-21,1.24800000,1.64200000,1.18200000,1.63400000,5035377.32200000,1606003199999,6919031.18633100,38057,2769152.35500000,3839388.68428000
2020-11-22,1.63400000,1.91900000,1.35200000,1.67700000,8661822.85500000,1606089599999,14060560.03368900,72022,4326312.59400000,7075097.55300700
2020-11-23,1.68100000,1.98600000,1.58900000,1.75300000,5530479.41400000,1606175999999,9850144.55972800,48841,2677698.31100000,4772250.70856700
2020-11-24,1.75200000,1.78300000,1.51500000,1.62200000,4547810.50700000,1606262399999,7530739.14599700,40254,2009615.01400000,3338385.11434700
2020-11-25,1.63000000,1.87400000,1.50400000,1.63100000,3039140.43500000,1606348799999,5016278.47409800,30023,1459672.54000000,2415747.39281000
2020-11-26,1.63700000,1.71000000,1.30100000,1.47600000,2998512.85400000,1606435199999,4369591.30081400,24019,1305756.19300000,1909621.65489800
2020-11-27,1.47600000,1.61700000,1.33600000,1.56400000,2788291.55200000,1606521599999,4052969.06171200,23602,1277148.28100000,1861489.26808800
2020-11-28,1.55700000,1.74800000,1.46400000,1.63000000,3341643.19200000,1606607999999,5402817.87334600,31642,1668965.72800000,2705665.64879800
2020-11-29,1.63500000,1.68900000,1.52200000,1.57200000,1829684.58400000,1606694399999,2924649.75895500,19777,848750.34900000,1360294.62846500
2020-11-30,1.57100000,1.70000000,1.52300000,1.58900000,2285621.45800000,1606780799999,3654944.84212400,20641,1042040.47000000,1672418.15676300
2020-12-01,1.58600000,1.77500000,1.54000000,1.55000000,2590785.98600000,1606867199999,4212197.34469000,19795,1200270.29400000,1960316.39597100
2020-12-02,1.55000000,1.69300000,1.49900000,1.65500000,1983743.26300000,1606953599999,3152117.43172600,17574,1015670.83200000,1618945.22215800
2020-12-03,1.66100000,1.97000000,1.65500000,1.83400000,3472379.85900000,1607039999999,6373037.46017700,38192,1840188.16200000,3384741.43386800
2020-12-04,1.83400000,1.95600000,1.58200000,1.58800000,2740494.73800000,1607126399999,4793363.59004600,25538,1253692.65200000,2208155.26958500
2020-12-05,1.58800000,1.74300000,1.54200000,1.69400000,1986394.96900000,1607212799999,3292969.20444100,21096,972829.99100000,1613474.34433700
2020-12-06,1.69500000,1.72000000,1.58700000,1.62800000,1120395.92400000,1607299199999,1837624.23937800,13307,473797.49700000,779811.66875300
2020-12-07,1.62800000,1.86300000,1.59000000,1.79900000,2295217.66200000,1607385599999,3937076.07565500,22498,1221547.42700000,2106586.61092700
2020-12-08,1.80000000,1.84600000,1.51000000,1.54500000,2779983.37000000,1607471999999,4633197.85018500,27550,1148397.14900000,1922795.88455900
2020-12-09,1.54300000,1.59000000,1.38000000,1.56800000,2245946.74500000,1607558399999,3383308.79196000,21018,985778.84800000,1490488.61295500
2020-12-10,1.56500000,1.57200000,1.40500000,1.42800000,1514939.83100000,1607644799999,2236804.02370600,14146,631306.23200000,933040.92217300
2020-12-11,1.42800000,1.43800000,1.30000000,1.32700000,1729094.67600000,1607731199999,2340544.22362700,14398,741352.10700000,1004854.77424900
2020-12-12,1.32700000,1.45000000,1.32300000,1.39000000,992669.59500000,1607817599999,1392053.64458500,10096,444865.84600000,624293.96882900
2020-12-13,1.39000000,1.49900000,1.36400000,1.45900000,987871.02400000,1607903999999,1415093.61315600,10168,469563.79500000,673569.15008200
2020-12-14,1.45800000,1.45900000,1.37100000,1.40500000,960554.24700000,1607990399999,1352820.48275200,8668,433427.65500000,611530.53170600
2020-12-15,1.40500000,1.47800000,1.37000000,1.42600000,1212367.96100000,1608076799999,1725118.71636800,10173,600126.65000000,855896.01052700
2020-12-16,1.42600000,1.59000000,1.33700000,1.53600000,2601616.05800000,1608163199999,3820468.71593600,21161,1284033.40400000,1900041.89463900
2020-12-17,1.53800000,1.61000000,1.42600000,1.46100000,2164972.37100000,1608249599999,3267774.05061800,20494,955404.14500000,1448882.97181100
2020-12-18,1.46000000,1.50500000,1.40800000,1.48600000,909730.58700000,1608335999999,1325579.74997700,9037,424332.40200000,619700.90992000
2020-12-19,1.48900000,1.57900000,1.46400000,1.48100000,1574366.93100000,1608422399999,2406735.62337500,13937,702767.87700000,1076821.93694500
2020-12-20,1.48100000,1.50000000,1.37500000,1.40700000,1168837.81700000,1608508799999,1687262.80382500,11317,473761.83900000,685902.71391000
2020-12-21,1.40500000,1.44900000,1.28500000,1.32300000,1033380.89300000,1608595199999,1398138.14296100,8452,385152.47200000,522574.66659000
2020-12-22,1.32000000,1.39000000,1.27500000,1.32500000,1041364.55700000,1608681599999,1378329.31372400,9451,509428.37500000,675895.91440500
2020-12-23,1.33000000,1.33600000,1.04900000,1.15600000,1491231.20700000,1608767999999,1811226.05172500,12494,627207.90200000,762891.75828000
2020-12-24,1.15900000,1.24900000,1.09200000,1.23300000,650328.81800000,1608854399999,774867.39963100,6951,296980.61800000,354700.18948200
2020-12-25,1.23300000,1.31000000,1.18900000,1.20600000,875642.24300000,1608940799999,1082571.01741500,8013,368392.63900000,457742.63584200
2020-12-26,1.20800000,1.21500000,1.13700000,1.14300000,988196.20000000,1609027199999,1158962.69960100,8979,428764.00900000,503243.75355100
2020-12-27,1.14400000,1.27200000,1.09100000,1.18900000,1456554.46600000,1609113599999,1703715.51647700,11443,709157.80900000,833298.10109100
2020-12-28,1.19000000,1.35300000,1.18200000,1.29600000,1810195.22700000,1609199999999,2290259.22517500,16372,926202.05600000,1176382.70752600
2020-12-29,1.29700000,1.33300000,1.15000000,1.21600000,1510893.87200000,1609286399999,1865957.14097700,14023,668990.43700000,829535.24345600
2020-12-30,1.21900000,1.23400000,1.12900000,1.14600000,1059355.41500000,1609372799999,1242003.58038300,9851,477903.19900000,561716.99372300
2020-12-31,1.14700000,1.19500000,1.12000000,1.16100000,869418.33500000,1609459199999,1002418.38940600,7285,388850.79700000,448862.22969800
2021-01-01,1.16300000,1.29000000,1.14800000,1.21500000,1288405.53900000,1609545599999,1567361.21041900,11893,626973.61700000,765028.79378200
2021-01-02,1.21600000,1.22100000,1.15000000,1.16900000,1161229.07700000,1609631999999,1366740.17675300,10150,493722.68000000,582835.45530800
2021-01-03,1.17000000,1.37700000,1.15200000,1.31100000,2537078.98000000,1609718399999,3122226.66247000,18429,1329596.24900000,1643807.29167600
2021-01-04,1.30800000,1.48300000,1.20200000,1.44100000,3212461.11800000,1609804799999,4380725.61624100,26385,1705121.11800000,2339016.59210100
2021-01-05,1.44500000,1.47400000,1.30000000,1.41100000,2073254.15200000,1609891199999,2896564.89776400,16578,1020569.93200000,1432493.03888100
2021-01-06,1.41000000,1.69600000,1.36000000,1.55000000,2985552.25300000,1609977599999,4565779.33790300,24717,1563293.10000000,2393548.63352800
2021-01-07,1.55000000,1.63500000,1.37800000,1.46000000,2358020.41800000,1610063999999,3581266.28182800,18856,1072649.57000000,1635625.34445200
2021-01-08,1.46400000,1.46900000,1.31300000,1.42400000,1782260.39700000,1610150399999,2491224.80712800,13531,790970.69300000,1108643.56258100
2021-01-09,1.42400000,1.74500000,1.42400000,1.57100000,3700586.54000000,1610236799999,5932589.92283700,27257,1775207.87000000,2860100.76088900
2021-01-10,1.57200000,1.70000000,1.35000000,1.46500000,2429009.30700000,1610323199999,3706135.65924000,21976,1148274.12100000,1763267.19060300
2021-01-11,1.46900000,1.47000000,1.15100000,1.29700000,2324679.83600000,1610409599999,2971694.54128500,16146,991288.05800000,1267429.97242600
2021-01-12,1.29700000,1.38000000,1.21100000,1.23100000,1487633.07900000,1610495999999,1919677.32551500,12914,681052.17200000,880658.69532400
2021-01-13,1.23600000,1.39000000,1.19000000,1.30900000,1455556.30800000,1610582399999,1872309.03447500,12052,723138.72000000,933400.81630600
2021-01-14,1.31000000,1.38900000,1.28200000,1.34100000,1522383.82700000,1610668799999,2031847.11711000,14412,703852.79200000,940200.05771800
2021-01-15,1.34300000,1.57000000,1.27300000,1.53200000,5135910.76600000,1610755199999,7279705.76572600,38190,2538368.70800000,3605472.65863500
2021-01-16,1.52600000,1.60000000,1.42300000,1.50900000,3866464.95400000,1610841599999,5853431.20517500,33323,1798527.98400000,2730472.32499400
2021-01-17,1.50900000,1.95000000,1.43200000,1.78500000,6318071.78500000,1610927999999,10722252.66790900,56307,3300495.60600000,5625312.37939900
2021-01-18,1.78200000,1.86400000,1.63800000,1.75500000,3797901.16700000,1611014399999,6600728.25329400,37112,1724405.47300000,3003971.98593600
2021-01-19,1.75600000,1.90000000,1.64600000,1.69900000,3081064.95700000,1611100799999,5338974.31901900,30551,1379143.43300000,2393278.77315800
2021-01-20,1.69400000,2.10000000,1.67200000,1.94400000,6234335.03000000,1611187199999,11640056.77458300,56254,3046076.59600000,5716284.15574600
2021-01-21,1.94400000,1.94400000,1.53300000,1.57400000,3508774.73700000,1611273599999,6029344.50316800,26908,1443593.28500000,2490267.40494800
2021-01-22,1.57500000,1.82000000,1.45000000,1.69000000,2747271.28200000,1611359999999,4548626.16785400,22891,1281227.88500000,2130313.68366800
2021-01-23,1.69200000,2.17000000,1.64500000,2.10000000,6287163.98900000,1611446399999,12216756.22201700,54321,3351587.94000000,6488961.87379800
2021-01-24,2.10000000,2.34800000,1.95000000,2.09900000,5592615.99500000,1611532799999,11846581.97562700,56130,2699084.20500000,5732588.04093500
2021-01-25,2.09800000,2.17600000,1.85000000,1.91700000,3515481.09300000,1611619199999,7153182.88276400,35780,1485080.05900000,3033310.91656000
2021-01-26,1.91400000,2.24900000,1.74700000,2.05200000,5268101.15200000,1611705599999,10319441.41043100,48669,2601277.35800000,5128520.03276300
2021-01-27,2.05200000,2.09200000,1.68000000,1.78500000,3909472.51900000,1611791999999,7253860.01899000,33741,1789174.70800000,3328308.99364600
2021-01-28,1.78500000,1.99000000,1.73000000,1.80500000,3315557.53100000,1611878399999,6257050.50876900,34689,1487484.61000000,2811189.16815300
2021-01-29,1.80800000,1.86900000,1.69400000,1.75800000,3557290.47500000,1611964799999,6294032.80398200,30609,1483930.03400000,2630498.73420000
2021-01-30,1.75700000,1.89000000,1.68700000,1.87400000,4110685.81100000,1612051199999,7378389.77785500,40559,1948461.52000000,3512277.21357500
2021-01-31,1.88100000,1.93400000,1.71700000,1.84300000,3814862.51200000,1612137599999,6968721.72639700,42919,1857196.47500000,3403678.06884100
2021-02-01,1.84300000,2.00000000,1.72200000,1.94200000,3588938.07700000,1612223999999,6717810.30721900,38663,1659557.52200000,3111923.92320000
2021-02-02,1.94200000,2.14500000,1.87700000,1.92400000,4139945.15100000,1612310399999,8223643.57396800,40630,1835081.29300000,3655885.98027300
2021-02-03,1.91700000,2.17500000,1.88100000,2.10800000,4137514.61400000,1612396799999,8408514.14360100,43366,2061836.85300000,4201070.42482500
2021-02-04,2.09900000,2.33000000,1.91500000,2.21000000,4694028.63800000,1612483199999,9927631.42338100,48141,2239420.28300000,4760320.08462100
2021-02-05,2.21300000,2.46000000,2.15000000,2.31300000,3802487.98900000,1612569599999,8790459.14499400,43222,1859261.72100000,4311077.19783200
2021-02-06,2.31400000,2.38100000,2.02900000,2.09100000,3695559.98600000,1612655999999,7942061.29473100,37926,1643353.49600000,3531655.12591600
2021-02-07,2.09100000,2.17400000,1.86000000,2.03800000,3192122.86700000,1612742399999,6542065.12731800,30075,1396012.64900000,2874526.65809700
2021-02-08,2.04300000,2.28400000,1.98300000,2.17400000,3726415.85500000,1612828799999,8132859.93926700,37617,1798456.25500000,3930273.49809900
2021-02-09,2.17400000,2.70000000,2.13200000,2.64400000,5751396.15300000,1612915199999,14080688.73492300,54589,3066432.73100000,7531993.49157200
2021-02-10,2.63400000,2.85000000,2.23800000,2.74000000,5964244.58800000,1613001599999,15208518.43397300,62060,2927718.63000000,7499689.96588600
2021-02-11,2.74000000,2.91800000,2.58200000,2.81400000,4145461.49300000,1613087999999,11451523.74441100,48599,2123020.80700000,5877598.11203400
2021-02-12,2.82700000,3.43900000,2.70200000,3.15100000,7069756.57500000,1613174399999,22302218.08856600,77234,3711584.03100000,11716655.73213300
2021-02-13,3.15300000,3.37900000,2.89200000,3.06900000,3629527.45300000,1613260799999,11288752.15957200,48148,1743928.93400000,5437816.49148100
2021-02-14,3.05900000,3.08500000,2.62600000,2.76100000,4035786.45100000,1613347199999,11550224.49777100,42934,1850829.84400000,5300674.79917100
2021-02-15,2.75800000,3.29600000,2.25000000,2.93800000,7092796.59500000,1613433599999,20254587.33159300,67691,3534073.72400000,10159754.94482300
2021-02-16,2.93800000,3.73600000,2.80100000,3.04100000,8983790.84700000,1613519999999,29310830.03702600,93330,4169696.51400000,13645677.04452400
2021-02-17,3.04500000,3.37100000,2.65600000,3.01200000,5685204.97600000,1613606399999,16901829.49425200,54759,2722106.40500000,8131154.62798300
2021-02-18,3.00800000,3.47800000,3.00200000,3.22200000,3531005.26000000,1613692799999,11426654.13499300,43990,1880890.47500000,6101606.77708700
2021-02-19,3.22600000,3.28200000,2.80000000,3.13300000,4634061.36300000,1613779199999,14213654.17140500,51229,2170319.58500000,6672466.08466600
2021-02-20,3.13300000,3.49000000,2.74000000,2.95000000,8209879.38200000,1613865599999,26024791.95297200,98470,3932801.51500000,12529040.03241900
2021-02-21,2.94600000,3.16700000,2.86200000,2.94400000,3880051.19000000,1613951999999,11738521.05514900,51909,1859196.09500000,5644954.02224300
2021-02-22,2.95000000,2.95700000,2.30000000,2.62200000,6507208.48200000,1614038399999,17195778.88453800,58477,2754937.87700000,7301871.85557200
2021-02-23,2.62100000,2.68300000,1.82400000,2.13300000,6610951.26200000,1614124799999,14207187.18302400,41907,2888409.67200000,6196508.04722200
2021-02-24,2.13400000,2.48000000,1.96000000,2.21600000,3803828.19900000,1614211199999,8560870.44808000,29567,1999672.76300000,4513421.19311200
2021-02-25,2.22000000,2.42400000,2.00100000,2.06000000,3144426.53000000,1614297599999,7050324.93012600,25732,1483722.06900000,3341589.09960500
2021-02-26,2.05300000,2.32500000,1.86700000,2.10300000,3262354.27900000,1614383999999,6888767.06948500,27293,1660789.60100000,3530291.12540100
2021-02-27,2.10400000,2.38800000,2.09100000,2.21600000,2448618.35000000,1614470399999,5460788.25777600,23915,1305996.00800000,2920709.49187300
2021-02-28,2.21300000,2.26400000,1.88700000,2.06000000,2325257.84900000,1614556799999,4767032.73369600,20250,1101159.26000000,2259521.43287000
2021-03-01,2.05300000,2.27500000,2.04000000,2.21900000,5146425.99100000,1614643199999,11040061.97493200,38701,2340898.36800000,5029751.04567400
2021-03-02,2.21900000,2.35000000,2.02000000,2.19200000,4683604.78400000,1614729599999,10302254.52254300,38724,2221143.23600000,4901680.76477000
2021-03-03,2.19000000,2.33500000,2.14600000,2.21500000,4359220.35100000,1614815999999,9783971.09379300,34989,2064606.57000000,4636640.42549900
2021-03-04,2.20700000,2.40000000,2.10000000,2.25700000,5095923.72500000,1614902399999,11373807.59419300,43275,2325432.34700000,5204904.41066100
2021-03-05,2.25800000,2.62000000,2.05600000,2.46400000,7821899.01400000,1614988799999,18382786.69382800,65585,3988219.44300000,9390187.60682500
2021-03-06,2.46200000,2.65000000,2.23300000,2.33300000,4691284.88200000,1615075199999,11310048.83526300,45903,2205150.49500000,5327217.95509100
2021-03-07,2.33900000,2.54200000,2.31200000,2.42900000,3931352.35100000,1615161599999,9511979.03142600,37742,1864746.43400000,4522481.24211200
2021-03-08,2.42000000,2.59800000,2.35500000,2.55100000,3877133.15500000,1615247999999,9637611.67395700,44173,1925203.59700000,4799629.63618100
2021-03-09,2.54400000,2.82200000,2.54100000,2.75600000,4121309.53400000,1615334399999,11006634.10114800,47842,2102988.15300000,5626144.60659800
2021-03-10,2.75700000,2.82000000,2.40500000,2.45900000,3780749.18200000,1615420799999,9724878.96672500,33607,1743323.23000000,4490740.17801300
2021-03-11,2.46500000,2.64000000,2.35300000,2.42600000,3178915.45800000,1615507199999,7888716.90618400,31472,1637954.36200000,4064273.53915300
2021-03-12,2.43300000,2.77800000,2.35500000,2.42800000,4082400.95800000,1615593599999,10258247.30210700,44640,2071589.41400000,5216222.22865500
2021-03-13,2.42800000,3.06300000,2.30200000,2.92300000,6444773.75700000,1615679999999,17625130.56456300,67952,3591945.45700000,9865824.70258000
2021-03-14,2.92000000,3.07300000,2.68000000,2.78700000,3970906.21900000,1615766399999,11331927.46443400,42796,1912075.08600000,5461513.07782900
2021-03-15,2.78700000,3.49000000,2.53600000,3.34000000,7770097.48500000,1615852799999,23766742.73810600,78346,4341636.29200000,13365433.04408900
2021-03-16,3.34600000,4.19800000,3.10200000,3.51500000,16622164.43100000,1615939199999,61836416.11302500,186881,8630725.76600000,32194259.39189100
2021-03-17,3.51500000,4.13000000,3.36400000,3.81800000,6194233.53700000,1616025599999,23381756.05337100,83549,3271734.25500000,12373249.74863300
2021-03-18,3.82000000,4.05700000,3.59100000,3.76700000,3936768.69200000,1616111999999,15060003.76281200,60728,1925760.19600000,7383896.80678200
2021-03-19,3.77800000,3.87900000,3.49700000,3.51700000,2882237.59300000,1616198399999,10411635.36279500,46225,1425885.24200000,5166888.38770100
2021-03-20,3.51100000,3.65900000,3.25300000,3.25400000,4292022.56700000,1616284799999,14744656.77539700,55957,1701919.10900000,5868289.21250500
2021-03-21,3.25400000,3.42000000,3.13400000,3.38200000,3108613.56700000,1616371199999,10168337.57715500,42312,1409645.40000000,4626056.79776400
2021-03-22,3.38400000,3.72700000,3.16800000,3.19000000,4048068.63400000,1616457599999,14115548.45044800,54914,2006247.43200000,7018679.43658600
2021-03-23,3.19400000,3.45700000,3.01200000,3.10700000,2957549.01100000,1616543999999,9490307.05093400,34072,1475032.23100000,4738772.18334300
2021-03-24,3.10700000,3.50000000,2.85300000,2.89800000,2904402.42100000,1616630399999,9227378.80317000,30059,1336634.76800000,4264709.55816700
2021-03-25,2.89100000,2.96400000,2.63400000,2.79800000,3075249.47000000,1616716799999,8614684.12535300,27688,1587196.15700000,4440415.57750900
2021-03-26,2.81000000,3.09700000,2.79300000,3.05800000,1958094.65300000,1616803199999,5889840.90855100,21645,977447.06800000,2940202.30755200
2021-03-27,3.05800000,3.93300000,3.02600000,3.83000000,5931132.64300000,1616889599999,20820045.50547500,70337,3160114.95500000,11117595.64814400
2021-03-28,3.83000000,4.00000000,3.38100000,3.59400000,3818085.11000000,1616975999999,14008202.04174900,44905,1933960.58400000,7115540.77671800
2021-03-29,3.59400000,3.80000000,3.46900000,3.75400000,2063904.63500000,1617062399999,7468941.26432900,29724,1011582.62600000,3664815.33422600
2021-03-30,3.74800000,3.92500000,3.61600000,3.90600000,2025137.49500000,1617148799999,7570100.07922700,31562,1004166.19800000,3759034.11911000
2021-03-31,3.90200000,4.16600000,3.47000000,4.11700000,3885047.66300000,1617235199999,14881264.98061100,53327,1997413.79200000,7677309.96760300
2021-04-01,4.10900000,4.78900000,4.05000000,4.41800000,9114263.37900000,1617321599999,40710106.45423900,128355,4667723.40700000,20845638.24588800
2021-04-02,4.42000000,4.50600000,4.06100000,4.25000000,3866288.17500000,1617407999999,16392574.78624300,55116,1790804.82000000,7603113.77433200
2021-04-03,4.25000000,4.95000000,4.10000000,4.39000000,5717963.60900000,1617494399999,26253994.18485100,87426,2993238.80300000,13790803.78236900
2021-04-04,4.38000000,5.13300000,4.33200000,5.08100000,4921215.46100000,1617580799999,23656913.82517100,79148,2629214.03800000,12663802.57797000
2021-04-05,5.08000000,5.40900000,4.70200000,4.87300000,4623075.51000000,1617667199999,23362720.49024900,81033,2229746.81700000,11294913.32708400
2021-04-06,4.87300000,5.12300000,4.32300000,4.54600000,4054087.16600000,1617753599999,18992784.93809300,62805,1927610.16000000,9035606.27589000
2021-04-07,4.54400000,4.84900000,4.06700000,4.53000000,3763347.56400000,1617839999999,16851980.29477000,60906,1864810.30900000,8372738.15804700
2021-04-08,4.52900000,5.17900000,4.52900000,4.69100000,3145881.96000000,1617926399999,15212676.80032100,57822,1603225.28800000,7767699.57352800
2021-04-09,4.68900000,4.86700000,4.50000000,4.56000000,1928480.73700000,1618012799999,9063986.97068000,36528,916874.92700000,4316163.87480100
2021-04-10,4.55900000,4.81900000,4.37700000,4.57000000,2287687.56900000,1618099199999,10495481.81739000,42350,1129533.90600000,5184661.69030500
2021-04-11,4.57900000,4.73200000,4.30100000,4.67500000,1952050.92700000,1618185599999,8886352.22218300,34866,940175.34600000,4289009.87228900
2021-04-12,4.67500000,4.71100000,4.31100000,4.38100000,1817957.46600000,1618271999999,8137369.88063400,28444,857403.67700000,3843662.65611800
2021-04-13,4.38100000,4.80000000,4.11600000,4.54000000,3300296.87900000,1618358399999,14533530.61202900,52331,1594778.37100000,7030235.52192800
2021-04-14,4.54000000,4.75600000,4.21100000,4.63200000,2671001.38600000,1618444799999,11964759.78422000,45521,1369243.05000000,6140590.48432900
2021-04-15,4.63400000,5.07800000,4.60300000,4.82800000,3405543.19700000,1618531199999,16560197.43348900,58212,1814676.93600000,8842595.92168000
2021-04-16,4.82800000,4.88600000,4.46500000,4.77800000,2704823.91100000,1618617599999,12585557.95808700,47952,1344183.88800000,6263521.91835200
2021-04-17,4.78200000,5.13000000,4.64800000,4.71000000,2965416.89400000,1618703999999,14523095.59980600,52496,1531479.35300000,7519789.26683100
2021-04-18,4.70700000,4.74500000,3.52500000,3.99300000,3949666.94400000,1618790399999,15927995.97339900,53442,1871474.85500000,7534002.24611300
2021-04-19,3.98600000,4.25000000,3.46200000,3.56500000,3770993.31300000,1618876799999,14447611.88335000,48248,1822017.61300000,6983042.65024200
2021-04-20,3.55300000,4.19300000,3.08700000,3.86300000,5500839.68700000,1618963199999,19737186.82395300,61069,2712789.79500000,9783094.48571400
2021-04-21,3.87000000,4.21800000,3.61300000,3.66500000,4631856.84300000,1619049599999,18395043.46545200,59577,2250771.81300000,8947945.77952100
2021-04-22,3.66500000,4.15900000,3.36000000,3.56300000,4420209.36900000,1619135999999,16662117.27542300,48463,2174403.68600000,8222922.53808700
2021-04-23,3.56300000,3.66800000,2.92400000,3.33100000,4788035.52600000,1619222399999,15429222.78026900,42269,2315241.14600000,7462265.63398200
2021-04-24,3.33600000,3.36600000,2.93900000,2.97700000,2592999.07600000,1619308799999,8142900.18322400,28697,1231709.48100000,3872034.82625700
2021-04-25,2.99000000,3.35800000,2.75200000,3.02400000,2516074.78300000,1619395199999,7673897.48611400,27220,1271772.99500000,3877769.37975800
2021-04-26,3.01900000,3.88900000,2.96900000,3.80400000,3748070.36500000,1619481599999,13277762.07181300,49102,1959735.97200000,6950436.96167000
2021-04-27,3.79800000,4.07000000,3.64200000,4.05700000,2384578.18900000,1619567999999,9143402.40221600,34540,1278675.63100000,4909011.40348500
2021-04-28,4.04800000,4.07000000,3.55500000,3.75900000,2740254.26100000,1619654399999,10363270.89858000,35206,1321559.97900000,4996138.59585600
2021-04-29,3.76100000,4.31900000,3.71400000,4.04300000,4546746.51200000,1619740799999,18189946.49612400,64138,2279362.21300000,9130326.06296100
2021-04-30,4.04900000,4.50000000,3.92700000,4.38700000,3484525.08600000,1619827199999,14960259.60285000,57075,1822254.69300000,7838289.39738700
2021-05-01,4.38700000,4.41500000,4.09700000,4.27800000,2158668.82300000,1619913599999,9204408.96883700,37017,1066108.95100000,4549374.27801700
2021-05-02,4.28200000,4.64900000,4.00000000,4.43000000,3967050.77200000,1619999999999,17553240.41135000,66875,2035739.15200000,9032991.04305800
2021-05-03,4.43900000,4.92000000,4.42100000,4.83900000,3723168.40400000,1620086399999,17421287.18634400,61901,1846818.59300000,8648024.07837600
2021-05-04,4.82800000,5.40000000,4.15000000,4.98300000,9193594.32700000,1620172799999,44831402.90513200,117895,4714589.56600000,23090920.01404700
2021-05-05,4.95700000,5.80000000,4.92300000,5.06100000,10195219.30000000,1620259199999,54726233.52925700,151531,5124624.33100000,27579732.21548700
2021-05-06,5.06300000,5.40000000,4.60000000,4.74600000,5546622.05100000,1620345599999,27863550.49787100,86603,2679039.17300000,13492337.37092500
2021-05-07,4.73500000,4.88800000,4.36000000,4.58300000,4389825.24400000,1620431999999,20469389.85111700,71725,2231214.46100000,10413965.37212800
2021-05-08,4.58300000,4.77900000,4.33300000,4.40600000,2908137.11900000,1620518399999,13177069.54658600,41939,1421636.24800000,6448804.28068300
2021-05-09,4.40600000,4.84600000,4.31000000,4.83900000,3162273.89000000,1620604799999,14559647.99240200,56273,1580127.99200000,7280718.08737700
2021-05-10,4.83400000,5.19900000,3.90000000,4.20300000,4669569.42500000,1620691199999,21671312.31646400,77546,2213513.07800000,10315452.89121300
2021-05-11,4.21500000,4.41900000,3.99400000,4.41900000,2764844.95000000,1620777599999,11754279.78023300,41515,1419388.16200000,6042390.21415700
2021-05-12,4.41600000,4.68900000,3.70000000,3.73500000,5058269.94300000,1620863999999,21239431.73337200,63234,2496906.85800000,10531646.40072900
2021-05-13,3.72500000,4.85200000,3.50500000,4.37800000,10379479.81400000,1620950399999,44783066.68704500,134060,5302309.41400000,22988110.39323900
2021-05-14,4.38700000,4.57200000,4.07000000,4.20800000,3301507.47300000,1621036799999,14256950.38106100,53533,1643500.08100000,7102984.83807500
2021-05-15,4.21100000,4.26400000,3.75000000,3.81800000,2468007.86300000,1621123199999,9964361.99179100,40586,1187889.65100000,4805519.53634900
2021-05-16,3.81200000,4.12300000,3.50200000,3.84700000,2625604.24500000,1621209599999,10032323.10250300,40717,1256172.61600000,4817598.35767800
2021-05-17,3.84400000,3.85700000,3.25000000,3.42600000,2792888.09600000,1621295999999,9865623.46639700,35489,1387253.80300000,4899488.62433000
2021-05-18,3.44500000,3.79000000,3.39800000,3.69900000,1916064.63800000,1621382399999,6972891.59020200,30216,968350.18300000,3527050.75990400
2021-05-19,3.70200000,3.77600000,1.41000000,2.20400000,6337309.69600000,1621468799999,17105382.03539600,57546,3013263.67600000,8216203.78821200
2021-05-20,2.20400000,2.69500000,2.00100000,2.44300000,4422778.49900000,1621555199999,10485600.48617000,35909,2259954.14000000,5352178.07753300
2021-05-21,2.43500000,2.58700000,1.68500000,1.98100000,4113094.17100000,1621641599999,8729079.41291200,31687,1968598.79100000,4189747.70618200
2021-05-22,1.99000000,2.03400000,1.67000000,1.69000000,3583221.62000000,1621727999999,6462106.59391400,22379,1801041.41000000,3248900.36996100
2021-05-23,1.69000000,1.76100000,1.25100000,1.58900000,5315527.27500000,1621814399999,7716319.00280900,33559,2542875.67400000,3707479.39658300
2021-05-24,1.57500000,2.00800000,1.57500000,1.97000000,5239118.04400000,1621900799999,9629594.72710200,44012,2807740.47900000,5175608.13277900
2021-05-25,1.97000000,2.15000000,1.69100000,1.93400000,3034348.52400000,1621987199999,5649507.71385200,24801,1447208.11500000,2697019.88259400
2021-05-26,1.93200000,2.39500000,1.89500000,2.27000000,3893798.94100000,1622073599999,8333172.72393100,35403,1988570.12100000,4256710.29491400
2021-05-27,2.26400000,2.36800000,1.99100000,2.11600000,3031759.80800000,1622159999999,6621062.66196600,28690,1476737.69600000,3223095.25688500
2021-05-28,2.12300000,2.16600000,1.71100000,1.81800000,3248870.57600000,1622246399999,6103836.79269100,24141,1581723.26800000,2972525.22777800
2021-05-29,1.82000000,1.97500000,1.58400000,1.70000000,3826412.95200000,1622332799999,6790526.13679600,23319,1967059.70000000,3495240.89550500
2021-05-30,1.70000000,1.97000000,1.57000000,1.85500000,2312261.08400000,1622419199999,4258301.06125800,17953,1133508.06700000,2096006.85067400
2021-05-31,1.85500000,2.04600000,1.75000000,2.01200000,3111454.05100000,1622505599999,5965911.31638500,21716,1572244.14600000,3014800.94115300
2021-06-01,2.01100000,2.04900000,1.84500000,1.93000000,2487059.48200000,1622591999999,4791114.28553500,22698,1156041.33600000,2232378.82596300
2021-06-02,1.92600000,2.07000000,1.85200000,2.00300000,2389584.84600000,1622678399999,4777294.28862400,25712,1181081.19000000,2362450.16283300
2021-06-03,2.00200000,2.24000000,1.95800000,2.12900000,3772923.21000000,1622764799999,8042693.85077400,36385,1754254.06900000,3739297.35620300
2021-06-04,2.13200000,2.14200000,1.73800000,1.86600000,4192280.82100000,1622851199999,7890351.33681000,36901,1914265.76700000,3600931.84080100
2021-06-05,1.86600000,2.02600000,1.68000000,1.77500000,2511547.52300000,1622937599999,4675574.61062200,19263,1172749.74200000,2177414.86827300
2021-06-06,1.77100000,1.92000000,1.74800000,1.84700000,1519766.89600000,1623023999999,2776746.51250500,11957,747621.23300000,1365907.29129600
2021-06-07,1.85400000,2.09300000,1.68600000,1.71500000,4443341.04500000,1623110399999,8582903.33252900,41429,2188858.94500000,4230397.93020400
2021-06-08,1.71700000,1.78000000,1.45800000,1.68200000,4085908.03200000,1623196799999,6650388.33553900,26668,1994422.45500000,3249903.43277200
2021-06-09,1.68400000,1.80000000,1.57900000,1.75000000,2664424.06100000,1623283199999,4542626.35596200,20423,1281008.09600000,2185491.21350900
2021-06-10,1.75200000,1.75700000,1.54400000,1.61000000,2556144.52300000,1623369599999,4220931.17339300,17898,1238690.74300000,2048095.62703300
2021-06-11,1.61300000,1.66800000,1.44600000,1.48000000,1692809.87400000,1623455999999,2654760.22983100,12153,780019.17700000,1225654.34406700
2021-06-12,1.47800000,1.52000000,1.37000000,1.42300000,1952149.86400000,1623542399999,2787429.17277700,12689,1020792.17800000,1457664.90607200
2021-06-13,1.42600000,1.59400000,1.39100000,1.54700000,5308196.80300000,1623628799999,8067379.85853800,20704,2810823.08000000,4281241.60604700
2021-06-14,1.54800000,1.72400000,1.52700000,1.65500000,2412590.23700000,1623715199999,3889831.67089800,19766,1230003.17700000,1987842.55081200
2021-06-15,1.65500000,1.71200000,1.59200000,1.62800000,1723899.45500000,1623801599999,2830190.24482600,15474,848302.21900000,1394398.61611000
2021-06-16,1.62700000,1.67900000,1.56100000,1.63300000,2278933.17300000,1623887999999,3697094.84033400,17307,1087386.50900000,1767155.71842500
2021-06-17,1.63400000,1.70700000,1.51500000,1.54000000,1949468.12700000,1623974399999,3120856.68657200,15598,920473.17600000,1469930.97055700
2021-06-18,1.54200000,1.55800000,1.38000000,1.43800000,1664532.96400000,1624060799999,2456890.06562300,11662,715794.01500000,1056936.60007600
2021-06-19,1.43400000,1.48100000,1.38900000,1.41800000,883686.04300000,1624147199999,1267049.42347400,6961,386728.46600000,555240.93234200
2021-06-20,1.41900000,1.43900000,1.29000000,1.41300000,1566386.08900000,1624233599999,2130967.05590500,10694,812147.45800000,1102926.34798100
2021-06-21,1.41400000,1.42300000,1.11000000,1.11200000,2960962.58400000,1624319999999,3653729.69454200,16757,1433234.31300000,1773090.96354000
2021-06-22,1.11200000,1.20600000,0.92100000,1.04200000,3081809.49600000,1624406399999,3261171.95384500,18334,1538108.58000000,1633457.56112300
2021-06-23,1.04300000,1.18900000,1.00100000,1.13400000,1288559.85000000,1624492799999,1448427.19422100,8726,686322.85300000,772252.94610400
2021-06-24,1.13400000,1.23900000,1.06200000,1.20700000,1791233.97400000,1624579199999,2067581.46766200,11370,900663.47800000,1040640.92599200
2021-06-25,1.20700000,1.23600000,1.05600000,1.09700000,1387453.52400000,1624665599999,1559160.06674000,10790,641095.62300000,719832.53522300
2021-06-26,1.09600000,1.11500000,0.99100000,1.10800000,2085227.28300000,1624751999999,2202158.93747500,12062,949386.70200000,1003660.29392200
2021-06-27,1.11000000,1.17600000,1.06700000,1.14400000,1936468.87900000,1624838399999,2151465.95238700,11692,1026388.65900000,1141479.16247200
2021-06-28,1.14700000,1.19600000,1.11600000,1.15200000,2448647.95800000,1624924799999,2804675.50388500,14270,1185323.30700000,1359135.29160900
2021-06-29,1.15200000,1.27300000,1.15000000,1.20800000,2281208.92900000,1625011199999,2768071.57302000,15252,1162916.17200000,1409812.30898000
2021-06-30,1.20800000,1.22100000,1.13400000,1.21100000,1219677.30600000,1625097599999,1434817.06848300,9474,593207.68600000,698215.77967300
2021-07-01,1.21500000,1.21500000,1.10600000,1.14400000,962524.87900000,1625183999999,1100643.59599900,7661,460147.20800000,526068.31395200
2021-07-02,1.14300000,1.21900000,1.10700000,1.16300000,1449184.74700000,1625270399999,1661105.40985800,10497,695619.05400000,798694.07982300
2021-07-03,1.16300000,1.20900000,1.13700000,1.17700000,1296160.44100000,1625356799999,1528211.33665200,8531,641819.32700000,757541.83637700
2021-07-04,1.17700000,1.22800000,1.13500000,1.18600000,1747444.33600000,1625443199999,2080276.26347400,11446,881089.93400000,1051088.05537900
2021-07-05,1.18500000,1.18900000,1.12000000,1.13400000,1025766.54500000,1625529599999,1184839.96867800,7274,436770.20800000,505176.50039500
2021-07-06,1.13600000,1.28900000,1.13500000,1.23700000,4364288.64700000,1625615999999,5401279.39618500,23677,2375566.93500000,2943080.44925800
2021-07-07,1.23600000,1.39500000,1.21600000,1.29200000,5147640.47200000,1625702399999,6823724.86301100,23442,2709715.04000000,3593591.98941700
2021-07-08,1.29200000,1.30600000,1.17500000,1.23400000,3395918.61000000,1625788799999,4154015.03319600,18599,1636928.98000000,2003391.00721600
2021-07-09,1.22700000,1.32400000,1.17000000,1.30100000,2321973.61400000,1625875199999,2840161.46784000,13098,1244836.16700000,1524036.35538000
2021-07-10,1.30100000,1.34700000,1.24100000,1.28000000,1905470.32400000,1625961599999,2464417.22309700,11995,965602.68800000,1251527.30179600
2021-07-11,1.28200000,1.42000000,1.27000000,1.39500000,1657281.50100000,1626047999999,2251824.00829300,11424,849765.43200000,1156861.96110800
2021-07-12,1.39500000,1.54100000,1.27700000,1.44600000,5133157.72900000,1626134399999,7321354.89680400,30645,2559940.95500000,3659830.76684400
2021-07-13,1.44500000,1.59000000,1.37100000,1.40100000,8438493.60100000,1626220799999,12524682.72020900,50233,4110650.33700000,6116464.76528600
2021-07-14,1.39800000,1.45700000,1.31500000,1.37700000,4286501.09900000,1626307199999,5944307.82166700,26050,2122935.27900000,2944089.85589200
2021-07-15,1.37700000,1.50900000,1.31900000,1.36100000,3111742.77100000,1626393599999,4363458.49500800,21073,1537321.96500000,2160051.39476100
2021-07-16,1.35900000,1.40500000,1.16000000,1.16600000,3430701.40200000,1626479999999,4293718.83746300,17115,1491304.67100000,1862775.00761200
2021-07-17,1.16300000,1.24000000,1.13500000,1.19500000,1903736.18500000,1626566399999,2253250.64561400,12424,908918.11700000,1076710.49378300
2021-07-18,1.19500000,1.24800000,1.16200000,1.19000000,1091950.12800000,1626652799999,1317439.49147500,7515,550226.72400000,663591.44995100
2021-07-19,1.18800000,1.19200000,1.07400000,1.12300000,1658483.87200000,1626739199999,1851957.29762300,10780,757245.07300000,843345.04213300
2021-07-20,1.12400000,1.15000000,1.00000000,1.02700000,2194492.15600000,1626825599999,2289417.95448800,12302,1032742.08300000,1078917.87591200
2021-07-21,1.02700000,1.14500000,1.01000000,1.11200000,1658454.95500000,1626911999999,1819969.79900300,9234,853529.46000000,936126.81264600
2021-07-22,1.10900000,1.15900000,1.08400000,1.12800000,1307545.95300000,1626998399999,1471313.86755400,9052,704516.98600000,793174.53989700
2021-07-23,1.13000000,1.18000000,1.10400000,1.16900000,1539497.52600000,1627084799999,1765688.69321100,9931,803816.95500000,922982.37424300
2021-07-24,1.16700000,1.26600000,1.15000000,1.22600000,2980309.99300000,1627171199999,3601285.07009100,16308,1533600.88900000,1850867.61577000
2021-07-25,1.22500000,1.26600000,1.16900000,1.24400000,1508610.49500000,1627257599999,1832802.69958300,9978,760406.34100000,926096.93059000
2021-07-26,1.24200000,1.47600000,1.23900000,1.29700000,5614889.94400000,1627343999999,7536261.70500800,28032,2819122.19000000,3794012.26224500
2021-07-27,1.29700000,1.35600000,1.23200000,1.30800000,2521265.71300000,1627430399999,3265788.64249500,13681,1173293.01600000,1518042.19400800
2021-07-28,1.30800000,1.37400000,1.27100000,1.32700000,2760661.09700000,1627516799999,3644722.28402500,13090,1391202.64700000,1836421.20089800
2021-07-29,1.32700000,1.41900000,1.30100000,1.35600000,3042209.69200000,1627603199999,4144136.73662800,14870,1484847.92800000,2021971.84778000
2021-07-30,1.36000000,1.40500000,1.28900000,1.38700000,2387269.42500000,1627689599999,3197310.05156800,11352,1176271.81600000,1578325.58706600
2021-07-31,1.39000000,1.41200000,1.35900000,1.38000000,1870638.22900000,1627775999999,2599051.57249400,9631,909415.02000000,1266288.08892600
2021-08-01,1.38000000,1.53000000,1.37500000,1.45500000,3669055.87700000,1627862399999,5385425.90155400,18878,1865970.81500000,2737970.83352800
2021-08-02,1.45500000,1.50400000,1.39800000,1.41000000,2016955.39900000,1627948799999,2914661.59497100,11226,1015892.70000000,1470601.80892500
2021-08-03,1.41300000,1.43100000,1.32400000,1.36400000,1941854.55000000,1628035199999,2665502.98711400,10726,986063.35900000,1355365.48716300
2021-08-04,1.36300000,1.44900000,1.34100000,1.40300000,1682424.65900000,1628121599999,2362544.98557200,9692,836974.38700000,1178050.36750500
2021-08-05,1.40200000,1.52800000,1.36000000,1.51100000,3083171.35800000,1628207999999,4463786.94700500,19136,1603978.75900000,2327506.00940100
2021-08-06,1.51100000,1.62300000,1.48100000,1.56500000,2953989.78700000,1628294399999,4609673.57337800,19496,1562705.84400000,2442507.91721900
2021-08-07,1.56600000,1.63100000,1.50300000,1.58300000,3075156.46300000,1628380799999,4857142.13611300,18383,1388488.57800000,2196104.02810300
2021-08-08,1.58300000,1.71000000,1.49100000,1.51600000,26525804.28400000,1628467199999,43136777.92487900,54759,14232952.32600000,23162043.61810900
2021-08-09,1.51800000,1.68000000,1.46000000,1.62000000,2880119.13500000,1628553599999,4579746.76243200,18293,1465900.38000000,2337583.61740400
2021-08-10,1.62100000,1.70600000,1.57400000,1.67300000,2746564.63600000,1628639999999,4527578.64254000,17379,1447720.70900000,2388969.97246300
2021-08-11,1.67500000,1.85500000,1.65900000,1.74600000,3391063.35000000,1628726399999,6029097.20201300,26584,1745457.48300000,3104823.47905600
2021-08-12,1.74800000,1.94700000,1.67800000,1.88000000,7464100.11800000,1628812799999,13670473.76129200,57534,3796145.72400000,6961911.55116000
2021-08-13,1.87800000,2.03500000,1.86200000,1.93600000,4449983.97200000,1628899199999,8647020.35500600,28825,2391648.34000000,4655073.70984100
2021-08-14,1.93400000,1.98600000,1.80200000,1.91700000,3020792.84400000,1628985599999,5708695.77235700,21075,1470719.31800000,2781628.75404200
2021-08-15,1.91600000,2.09000000,1.82200000,2.02200000,4110688.66600000,1629071999999,8139343.49594200,35907,2201496.07000000,4357153.65491500
2021-08-16,2.02400000,2.10100000,1.89000000,1.92500000,3025305.89700000,1629158399999,6053889.78086200,27726,1452007.95500000,2913101.03564600
2021-08-17,1.92600000,2.22000000,1.86600000,1.92300000,5480822.84700000,1629244799999,11215814.90181200,50289,2719622.60800000,5580705.49397000
2021-08-18,1.92500000,2.01600000,1.82900000,1.88100000,2925659.32600000,1629331199999,5619773.34395200,20878,1368293.41900000,2630598.66331300
2021-08-19,1.88100000,2.07900000,1.79300000,1.97200000,8152964.96200000,1629417599999,15843083.76659900,38285,5689334.63500000,11124485.11776700
2021-08-20,1.97100000,2.10000000,1.95000000,2.09100000,2754998.04300000,1629503999999,5569740.38049600,25778,1340161.19200000,2713597.12288300
2021-08-21,2.09000000,2.16100000,2.02200000,2.07000000,2565085.82900000,1629590399999,5394942.13533800,24820,1342591.13100000,2827444.71053900
2021-08-22,2.07000000,2.33900000,2.06400000,2.20600000,5309960.18500000,1629676799999,11724108.65884400,41018,2634630.16200000,5826610.95745000
2021-08-23,2.20800000,2.30200000,2.07900000,2.17800000,2964032.00900000,1629763199999,6534477.80002100,23844,1413344.45700000,3119601.85719700
2021-08-24,2.17500000,2.25800000,1.97000000,1.99300000,3341351.15300000,1629849599999,7024839.22443500,26187,1606385.27800000,3382387.70738500
2021-08-25,1.99400000,2.10200000,1.90200000,2.08700000,2459991.90500000,1629935999999,4930008.75364000,21245,1233736.20900000,2474315.93265900
2021-08-26,2.09100000,2.09600000,1.85400000,1.93000000,2652359.09800000,1630022399999,5156163.65863800,21433,1264533.06600000,2461803.34953400
2021-08-27,1.93400000,2.09300000,1.87300000,2.02700000,2584240.81400000,1630108799999,5092341.91905000,21803,1393141.72300000,2751210.22525100
2021-08-28,2.02600000,2.10000000,1.95000000,2.03100000,1995763.30000000,1630195199999,4048649.14173500,18472,970109.00000000,1970737.98523500
2021-08-29,2.03200000,2.08000000,1.96000000,2.00600000,1294522.90000000,1630281599999,2616546.61370000,12480,570330.20000000,1154036.48580000
2021-08-30,2.00600000,2.23200000,1.93100000,2.03200000,4096426.06100000,1630367999999,8463373.92988700,32184,2025066.89300000,4203300.33308300
2021-08-31,2.03000000,2.17600000,1.99000000,2.02900000,3016635.00000000,1630454399999,6276748.11440000,27946,1453027.80000000,3028160.93180000
2021-09-01,2.02900000,2.18000000,1.96100000,2.15500000,2644882.90000000,1630540799999,5510319.85320000,26527,1285692.90000000,2685730.08150000
2021-09-02,2.15200000,2.54400000,2.09500000,2.22700000,13320272.97500000,1630627199999,31082084.78605200,91425,7203689.72500000,16826366.08697500
2021-09-03,2.23400000,2.35600000,2.19000000,2.23200000,4415644.20000000,1630713599999,10072776.07860000,34881,2195403.70000000,5015245.72680000
2021-09-04,2.22700000,2.27700000,2.18000000,2.21400000,2674433.80000000,1630799999999,5957561.12320000,19577,1219035.30000000,2716546.77040000
2021-09-05,2.21400000,2.28500000,2.16700000,2.25300000,2252234.10000000,1630886399999,5015842.95180000,17561,1158636.50000000,2583179.14080000
2021-09-06,2.25200000,2.55500000,2.18500000,2.33100000,5517289.02200000,1630972799999,12974146.47335500,39291,2673858.52200000,6293484.35785500
2021-09-07,2.33000000,2.51900000,1.68000000,1.81600000,7883432.67800000,1631059199999,16836967.88438200,51396,3686080.91700000,7867587.91152500
2021-09-08,1.81200000,1.89000000,1.62100000,1.78600000,4383350.09900000,1631145599999,7748416.07148800,25998,2119885.05400000,3758727.09298000
2021-09-09,1.78600000,1.93800000,1.74000000,1.83400000,3261216.80000000,1631231999999,5966533.54730000,21478,1618021.90000000,2960021.46990000
2021-09-10,1.83400000,1.93200000,1.67200000,1.74400000,3712770.00000000,1631318399999,6682640.14890000,22654,1785019.80000000,3214010.86620000
2021-09-11,1.74700000,2.57000000,1.71000000,2.19200000,24729691.00000000,1631404799999,55940587.55089700,158764,13406732.97600000,30267640.81150500
2021-09-12,2.18700000,2.44500000,2.06000000,2.11000000,14388401.50000000,1631491199999,32497618.84550000,110989,7172341.50000000,16231436.28620000
2021-09-13,2.11200000,2.14800000,1.90000000,1.95600000,5177568.40000000,1631577599999,10329520.80040000,36763,2401868.90000000,4806512.14450000
2021-09-14,1.95900000,2.11000000,1.93000000,1.99600000,4621822.90000000,1631663999999,9248929.73760000,32178,2282272.20000000,4570505.03580000
2021-09-15,1.99400000,2.10000000,1.93400000,1.98900000,3529955.50000000,1631750399999,7100745.41390000,26602,1661198.60000000,3345975.03610000
2021-09-16,1.98900000,2.05000000,1.90000000,1.91500000,2977383.20000000,1631836799999,5890898.35100000,23196,1384977.00000000,2746003.71860000
2021-09-17,1.91500000,1.94100000,1.80200000,1.88700000,2170300.50000000,1631923199999,4070793.48010000,15710,1001606.40000000,1881643.48710000
2021-09-18,1.88700000,1.95900000,1.86000000,1.89700000,1478242.90000000,1632009599999,2822526.51770000,11860,698857.80000000,1336020.01410000
2021-09-19,1.89800000,1.93200000,1.78400000,1.81300000,1407815.10000000,1632095999999,2620128.84330000,11728,639075.00000000,1190281.96440000
2021-09-20,1.81400000,1.83000000,1.50800000,1.53100000,4320852.60300000,1632182399999,7067585.84306800,24823,1922420.20400000,3140396.88549800
2021-09-21,1.53900000,1.67100000,1.31000000,1.43400000,3071862.40800000,1632268799999,4671640.93784100,17293,1466406.72800000,2229676.96050000
2021-09-22,1.43700000,1.67000000,1.42100000,1.61700000,4739913.40000000,1632355199999,7549296.92370000,22054,2446197.80000000,3893327.20880000
2021-09-23,1.61600000,1.82000000,1.59100000,1.78500000,2529840.25500000,1632441599999,4247331.07695000,15919,1226010.35500000,2054887.81135000
2021-09-24,1.78400000,1.80800000,1.48700000,1.60700000,3024289.80000000,1632527999999,4830839.19640000,16191,1358252.30000000,2168826.80440000
2021-09-25,1.60700000,1.66000000,1.51300000,1.58000000,2509965.60000000,1632614399999,4043131.82460000,11801,1242270.80000000,2003387.06580000
2021-09-26,1.57300000,1.69800000,1.46400000,1.58200000,5631827.50000000,1632700799999,8862538.00810000,20648,2990494.20000000,4706806.69990000
2021-09-27,1.58600000,1.67000000,1.50000000,1.50700000,3124705.10000000,1632787199999,5035865.42630000,13245,1563668.30000000,2523147.85140000
2021-09-28,1.50600000,1.57000000,1.40200000,1.41200000,2193398.60000000,1632873599999,3236427.31010000,11354,1042163.20000000,1540049.48070000
2021-09-29,1.41200000,1.58000000,1.40500000,1.45100000,2358736.80000000,1632959999999,3505592.20990000,12963,1164999.20000000,1730603.32470000
2021-09-30,1.45000000,1.54100000,1.44600000,1.51700000,999550.80000000,1633046399999,1501046.49440000,7216,504842.40000000,758464.07130000
2021-10-01,1.51800000,1.69000000,1.50800000,1.66700000,2895519.80000000,1633132799999,4742797.86700000,15488,1523835.60000000,2500794.23630000
2021-10-02,1.66900000,1.87000000,1.61300000,1.70100000,3181431.90000000,1633219199999,5491977.05190000,21796,1626550.80000000,2808556.42340000
2021-10-03,1.70200000,1.74700000,1.66000000,1.68800000,2268471.20000000,1633305599999,3888224.86380000,13051,1203274.80000000,2064014.30320000
2021-10-04,1.68700000,1.70200000,1.61200000,1.67400000,2252456.20000000,1633391999999,3745945.20430000,11691,1181796.20000000,1966322.43170000
2021-10-05,1.67500000,1.80000000,1.65800000,1.74500000,2279339.60000000,1633478399999,3888324.42000000,13367,1148770.30000000,1960469.47360000
2021-10-06,1.75000000,1.88000000,1.65800000,1.75800000,4562341.60000000,1633564799999,8087335.46320000,24594,2323694.50000000,4130998.03000000
2021-10-07,1.75500000,1.88900000,1.70300000,1.78100000,2001435.50000000,1633651199999,3575056.84770000,14565,999796.60000000,1782321.90610000
2021-10-08,1.78100000,1.88400000,1.77000000,1.78000000,1422420.00000000,1633737599999,2594588.15940000,12448,695581.00000000,1272285.45230000
2021-10-09,1.78000000,1.85900000,1.76700000,1.83900000,1020243.40000000,1633823999999,1850996.94960000,9405,559949.20000000,1016834.93150000
2021-10-10,1.84000000,2.16000000,1.80000000,1.97900000,8951168.20000000,1633910399999,17897660.88670000,64031,4469759.60000000,8953256.67900000
2021-10-11,1.98000000,2.07400000,1.73600000,1.78400000,3359372.90000000,1633996799999,6297034.62750000,28026,1537040.20000000,2869399.51960000
2021-10-12,1.78100000,1.78400000,1.63900000,1.71000000,2833446.60000000,1634083199999,4853590.31840000,15193,1427270.00000000,2446912.13530000
2021-10-13,1.70600000,1.79000000,1.66200000,1.73200000,2547646.70000000,1634169599999,4424517.21390000,16256,1201824.30000000,2089514.71150000
2021-10-14,1.73200000,1.81200000,1.71700000,1.78000000,1780571.50000000,1634255999999,3155435.57520000,14528,878466.90000000,1557191.71150000
2021-10-15,1.78100000,1.84900000,1.71400000,1.76800000,1770428.00000000,1634342399999,3147208.46630000,13127,854032.60000000,1519150.96090000
2021-10-16,1.77300000,1.91800000,1.76600000,1.83200000,1934463.20000000,1634428799999,3583270.52270000,16775,899262.10000000,1667038.68700000
2021-10-17,1.83200000,1.88100000,1.70900000,1.76900000,1807725.40000000,1634515199999,3257237.43820000,12784,845259.20000000,1525977.88920000
2021-10-18,1.76900000,1.77800000,1.68900000,1.73200000,1032254.80000000,1634601599999,1779269.76390000,8900,475584.00000000,820219.58430000
2021-10-19,1.73100000,1.75200000,1.66700000,1.74400000,1022030.80000000,1634687999999,1748928.29440000,8610,470319.80000000,806309.15030000
2021-10-20,1.74400000,2.13100000,1.71600000,1.85700000,6844620.50000000,1634774399999,13120346.84490000,50157,3367492.30000000,6464110.05770000
2021-10-21,1.85600000,1.89400000,1.77300000,1.80200000,1727122.70000000,1634860799999,3174174.67620000,15282,789984.00000000,1453872.09790000
2021-10-22,1.80200000,1.94100000,1.80000000,1.85700000,1843591.30000000,1634947199999,3465492.24660000,16256,948872.70000000,1782888.19210000
2021-10-23,1.85700000,1.93500000,1.81800000,1.85200000,1206689.60000000,1635033599999,2263713.68170000,11289,574340.40000000,1079528.04720000
2021-10-24,1.85600000,1.86400000,1.76100000,1.77400000,1036292.10000000,1635119999999,1875309.52970000,9740,435210.10000000,787784.28980000
2021-10-25,1.77400000,1.84800000,1.76300000,1.81800000,997993.40000000,1635206399999,1804868.49640000,8879,500617.80000000,906442.47260000
2021-10-26,1.81900000,1.87000000,1.78000000,1.80800000,1385173.90000000,1635292799999,2533566.27340000,11979,581556.90000000,1065435.03530000
2021-10-27,1.80500000,1.83500000,1.59400000,1.59900000,1756617.20000000,1635379199999,2986601.43420000,13675,817386.40000000,1386926.71670000
2021-10-28,1.59900000,1.74400000,1.57600000,1.66900000,1349465.10000000,1635465599999,2242115.86330000,10575,630985.80000000,1048385.66100000
2021-10-29,1.67000000,1.82000000,1.65100000,1.76500000,1997375.30000000,1635551999999,3487554.55240000,15855,965615.10000000,1688413.83360000
2021-10-30,1.76700000,1.83600000,1.70100000,1.79600000,1607725.60000000,1635638399999,2836289.04930000,14074,712833.10000000,1259086.81700000
2021-10-31,1.79600000,2.07000000,1.72700000,1.82700000,4243034.10000000,1635724799999,7946489.29680000,37165,2250918.40000000,4221888.42050000
2021-11-01,1.82900000,1.88800000,1.77900000,1.81000000,1851379.40000000,1635811199999,3374532.96250000,13400,779814.50000000,1421719.85640000
2021-11-02,1.81000000,2.00000000,1.80100000,1.91700000,2343363.70000000,1635897599999,4461272.96720000,19530,1087832.60000000,2076534.82920000
2021-11-03,1.91700000,2.05700000,1.86400000,1.92900000,3024382.30000000,1635983999999,5877606.32790000,22909,1391672.00000000,2706494.34550000
2021-11-04,1.92800000,1.99800000,1.80500000,1.86200000,2218217.70000000,1636070399999,4179802.98200000,14909,1052683.20000000,1984950.69800000
2021-11-05,1.86500000,1.89800000,1.79000000,1.80400000,1790315.80000000,1636156799999,3293626.09860000,11291,812968.40000000,1496949.06780000
2021-11-06,1.80400000,1.84100000,1.75100000,1.81700000,876128.90000000,1636243199999,1571106.74360000,7165,405032.20000000,727161.00280000
2021-11-07,1.81600000,1.84800000,1.79100000,1.83900000,1264365.70000000,1636329599999,2303307.03930000,8516,634376.60000000,1156230.76920000
2021-11-08,1.83900000,1.89300000,1.82000000,1.84000000,1698403.00000000,1636415999999,3136565.86960000,10994,853479.00000000,1576694.44040000
2021-11-09,1.84000000,2.07700000,1.83400000,1.92500000,6177070.20000000,1636502399999,12069189.92670000,37078,2962829.60000000,5774960.96700000
2021-11-10,1.92900000,1.97000000,1.79500000,1.86400000,3141023.40000000,1636588799999,5935045.18430000,22597,1426961.00000000,2700984.18600000
2021-11-11,1.86500000,2.11000000,1.84000000,2.09500000,4098968.60000000,1636675199999,8087281.90820000,32564,2126623.20000000,4205353.18100000
2021-11-12,2.09500000,2.20000000,1.96600000,2.03300000,5686217.60000000,1636761599999,11786981.99830000,41933,2580927.20000000,5366517.49160000
2021-11-13,2.03300000,2.06400000,1.93500000,2.00000000,1935924.30000000,1636847999999,3853176.77740000,15793,899053.10000000,1789796.34320000
2021-11-14,2.00200000,2.01900000,1.87600000,1.91500000,2543208.60000000,1636934399999,4927652.36730000,16295,1192079.00000000,2315519.89260000
2021-11-15,1.91500000,1.97800000,1.84300000,1.84600000,1678421.70000000,1637020799999,3206467.35390000,12090,848232.40000000,1621725.91320000
2021-11-16,1.84600000,1.85100000,1.66700000,1.80300000,2439666.80000000,1637107199999,4346530.89630000,17656,1111162.90000000,1979006.06900000
2021-11-17,1.80000000,1.92200000,1.76300000,1.83600000,1764120.10000000,1637193599999,3234740.45180000,12269,928479.70000000,1706484.73420000
2021-11-18,1.83600000,1.86800000,1.66300000,1.68600000,2247371.20000000,1637279999999,4009525.33060000,14373,1078653.60000000,1926661.41520000
2021-11-19,1.68200000,1.80000000,1.64700000,1.77100000,1464600.90000000,1637366399999,2538735.41040000,10688,685304.60000000,1189371.06060000
2021-11-20,1.77400000,1.93100000,1.71000000,1.86500000,2760184.10000000,1637452799999,5054819.19120000,20325,1361055.10000000,2498808.87670000
2021-11-21,1.86800000,1.98800000,1.82100000,1.86000000,2355526.70000000,1637539199999,4484681.81330000,20625,1209723.90000000,2307705.37900000
2021-11-22,1.86400000,1.88500000,1.76500000,1.81000000,1457793.60000000,1637625599999,2663115.48330000,11350,619234.20000000,1132602.92470000
2021-11-23,1.81600000,1.94900000,1.80000000,1.90000000,2020433.70000000,1637711999999,3765059.37080000,14836,941064.20000000,1757243.59890000
2021-11-24,1.90000000,1.94400000,1.72700000,1.77800000,1745356.00000000,1637798399999,3171387.78590000,12786,783714.40000000,1423322.63390000
2021-11-25,1.77700000,1.91000000,1.74700000,1.90700000,1650976.10000000,1637884799999,3003825.36100000,12247,826773.60000000,1506871.23510000
2021-11-26,1.90700000,1.99400000,1.68600000,1.81300000,4457476.90000000,1637971199999,8256129.08380000,29741,2135849.40000000,3970902.31610000
2021-11-27,1.81800000,2.38800000,1.81200000,2.01200000,12956230.80000000,1638057599999,27497483.68080000,89458,6449278.30000000,13720392.48190000
2021-11-28,2.01200000,2.02800000,1.75200000,1.91100000,3259941.00000000,1638143999999,6125922.97430000,20976,1605519.00000000,3021830.83520000
2021-11-29,1.91300000,1.95500000,1.84100000,1.88500000,1900164.80000000,1638230399999,3596570.57490000,14966,873936.50000000,1655743.19420000
2021-11-30,1.88300000,1.92500000,1.81200000,1.82800000,2110930.40000000,1638316799999,3939884.46560000,14758,985269.40000000,1838927.47680000
2021-12-01,1.82400000,1.92000000,1.79500000,1.83600000,1934123.40000000,1638403199999,3589079.45760000,14561,966920.60000000,1795251.06650000
2021-12-02,1.83500000,1.90700000,1.75100000,1.85600000,1960267.40000000,1638489599999,3560553.73380000,15564,919499.30000000,1675101.83270000
2021-12-03,1.86200000,2.16900000,1.85100000,1.97300000,8901175.60000000,1638575999999,17789844.33590000,64438,4329272.10000000,8667693.01130000
2021-12-04,1.97600000,1.99500000,1.38000000,1.61900000,5011578.90000000,1638662399999,8216758.49270000,30453,2241413.10000000,3649449.70690000
2021-12-05,1.61700000,1.74200000,1.42100000,1.46600000,3591005.60000000,1638748799999,5687336.86350000,22639,1920209.10000000,3058006.28100000
2021-12-06,1.46600000,1.59800000,1.28200000,1.50600000,4013280.10000000,1638835199999,5759581.16650000,26831,2138009.80000000,3089423.45770000
2021-12-07,1.50700000,1.57500000,1.41400000,1.44500000,1998711.20000000,1638921599999,2987259.27330000,13938,975062.10000000,1458426.17230000
2021-12-08,1.44500000,1.56100000,1.41600000,1.51200000,2251101.70000000,1639007999999,3355684.54120000,14653,1052250.00000000,1567516.84630000
2021-12-09,1.51300000,1.53300000,1.35800000,1.37800000,1421890.80000000,1639094399999,2039498.70310000,10697,596871.20000000,856314.67650000
2021-12-10,1.37700000,1.46900000,1.33600000,1.34400000,1270349.50000000,1639180799999,1778620.70640000,10056,626656.50000000,879271.32300000
2021-12-11,1.34700000,1.38600000,1.32400000,1.35700000,1097094.40000000,1639267199999,1481818.28620000,8279,516747.30000000,697715.86360000
2021-12-12,1.36000000,1.39800000,1.30700000,1.36900000,1350551.00000000,1639353599999,1820468.26570000,10236,633226.10000000,855568.86360000
2021-12-13,1.37200000,1.37500000,1.15600000,1.17900000,1855767.15900000,1639439999999,2307792.94294200,13452,749529.62400000,931114.54614000
2021-12-14,1.17900000,1.27700000,1.17000000,1.24200000,1390220.20000000,1639526399999,1707813.80330000,8651,698117.30000000,858739.45980000
2021-12-15,1.24300000,1.27400000,1.16100000,1.27400000,1476462.20000000,1639612799999,1805826.28270000,10838,738618.40000000,903541.60180000
2021-12-16,1.27400000,1.34900000,1.26000000,1.26300000,2359990.60000000,1639699199999,3060483.17000000,14949,1255649.20000000,1631804.98190000
2021-12-17,1.26300000,1.29500000,1.17400000,1.20200000,1370768.10000000,1639785599999,1701845.20500000,9272,709201.50000000,883556.48050000
2021-12-18,1.20200000,1.29900000,1.17500000,1.25800000,1246331.20000000,1639871999999,1553450.57360000,10022,525319.10000000,655628.95250000
2021-12-19,1.25500000,1.27000000,1.20000000,1.20800000,827866.10000000,1639958399999,1018430.89930000,5916,403229.00000000,497056.04850000
2021-12-20,1.20500000,1.22100000,1.14200000,1.21400000,988149.00000000,1640044799999,1169371.78120000,8254,492641.60000000,583849.81440000
2021-12-21,1.21500000,1.27200000,1.20000000,1.26300000,841267.70000000,1640131199999,1050947.90960000,6788,427979.90000000,535520.99670000
2021-12-22,1.26700000,1.41600000,1.25100000,1.33100000,3203797.10000000,1640217599999,4296500.92900000,23184,1496419.40000000,2001914.71510000
2021-12-23,1.33300000,1.39200000,1.27400000,1.36900000,1732215.40000000,1640303999999,2295117.44640000,16649,809007.20000000,1073549.67930000
2021-12-24,1.36500000,1.40700000,1.34900000,1.39600000,1486245.80000000,1640390399999,2038786.32740000,11377,722744.50000000,992353.12360000
2021-12-25,1.39800000,1.42500000,1.34600000,1.38900000,1039918.30000000,1640476799999,1429270.97050000,8416,498743.60000000,685762.85340000
2021-12-26,1.38900000,1.44900000,1.33300000,1.41800000,1389795.00000000,1640563199999,1927699.15520000,9738,674931.90000000,939533.22900000
2021-12-27,1.41800000,1.50300000,1.40400000,1.40800000,1652813.60000000,1640649599999,2406440.43810000,12554,820567.80000000,1195512.55030000
2021-12-28,1.40900000,1.40900000,1.26500000,1.28400000,1509655.80000000,1640735999999,2031010.24800000,10825,674125.50000000,908039.44800000
2021-12-29,1.28400000,1.33300000,1.23300000,1.25000000,1036646.10000000,1640822399999,1335825.12710000,8028,481647.00000000,622641.25690000
2021-12-30,1.24700000,1.47700000,1.22300000,1.34800000,5530548.00000000,1640908799999,7622470.49460000,36877,2812122.60000000,3882879.13320000
2021-12-31,1.34700000,1.42500000,1.27000000,1.30300000,2150484.50000000,1640995199999,2906569.72460000,17568,1072687.10000000,1451151.54740000
2022-01-01,1.30300000,1.34600000,1.29400000,1.34300000,640834.50000000,1641081599999,844676.46310000,5779,344916.90000000,455224.59150000
2022-01-02,1.34300000,1.34400000,1.28900000,1.31200000,739360.10000000,1641167999999,973490.21640000,5568,309638.40000000,407883.80920000
2022-01-03,1.31200000,1.32500000,1.25600000,1.28800000,800289.50000000,1641254399999,1036591.39100000,6111,362804.50000000,469884.83390000
2022-01-04,1.28800000,1.32000000,1.26600000,1.27000000,802477.60000000,1641340799999,1037576.42410000,6343,374025.40000000,483803.24590000
2022-01-05,1.27000000,1.45100000,1.18700000,1.25800000,4206823.00000000,1641427199999,5632173.58760000,29809,2010187.10000000,2698120.07460000
2022-01-06,1.25800000,1.33800000,1.18000000,1.22800000,2593958.80000000,1641513599999,3216674.61740000,17942,1225667.60000000,1523016.76420000
2022-01-07,1.23400000,1.23800000,1.10000000,1.11800000,1495930.00000000,1641599999999,1756234.28934600,12003,643621.90000000,757093.78880000
2022-01-08,1.11900000,1.16800000,1.03900000,1.08000000,1206403.78600000,1641686399999,1333444.46650000,9721,612480.94500000,679033.11913000
2022-01-09,1.08000000,1.21200000,1.06700000,1.14600000,2219084.90000000,1641772799999,2522807.78670000,16953,1168627.00000000,1326892.58300000
2022-01-10,1.14800000,1.21000000,1.03800000,1.11200000,1985425.40000000,1641859199999,2224615.52440000,14832,994891.00000000,1117438.19080000
2022-01-11,1.11300000,1.18100000,1.10300000,1.16700000,856538.50000000,1641945599999,979027.69110000,7944,454234.80000000,519695.36520000
2022-01-12,1.16700000,1.23400000,1.15300000,1.23200000,1051443.40000000,1642031999999,1249576.79280000,8480,498569.30000000,592223.83730000
2022-01-13,1.23100000,1.23900000,1.14300000,1.15600000,1041241.20000000,1642118399999,1233341.25530000,8941,443894.10000000,526411.16020000
2022-01-14,1.15600000,1.26000000,1.14900000,1.19800000,1058865.00000000,1642204799999,1267681.33360000,10586,480304.20000000,576593.60990000
2022-01-15,1.19700000,1.29500000,1.19100000,1.23900000,1053542.20000000,1642291199999,1312722.74940000,10126,527208.00000000,658017.12580000
2022-01-16,1.24100000,1.28500000,1.21600000,1.21700000,586627.20000000,1642377599999,729703.41340000,6455,275243.90000000,342794.64540000
2022-01-17,1.21700000,1.28000000,1.17900000,1.24900000,1034066.40000000,1642463999999,1254725.89390000,8071,513230.60000000,624479.72840000
2022-01-18,1.24900000,1.34300000,1.16700000,1.20200000,1910977.70000000,1642550399999,2393420.07440000,17318,895665.90000000,1123568.62140000
2022-01-19,1.20200000,1.20300000,1.12800000,1.14600000,788172.50000000,1642636799999,917332.16810000,6259,382182.60000000,445914.33980000
2022-01-20,1.14700000,1.21100000,1.12100000,1.12200000,858572.90000000,1642723199999,993663.89570000,5367,314285.30000000,365333.62750000
2022-01-21,1.12200000,1.14000000,0.92400000,0.95300000,2582687.20300000,1642809599999,2700670.27809000,16153,1094777.29100000,1144806.03051000
2022-01-22,0.95300000,0.98700000,0.80100000,0.86700000,2259899.72400000,1642895999999,2003543.63130000,13382,950092.66200000,840385.78444400
2022-01-23,0.86700000,0.97400000,0.83200000,0.88500000,1525413.90000000,1642982399999,1360681.81040000,9381,791859.10000000,704135.34470000
2022-01-24,0.88700000,1.30500000,0.73000000,1.14200000,17905325.10000000,1643068799999,19542245.19420000,83401,8785966.50000000,9651553.08660000
2022-01-25,1.14000000,1.26800000,1.04400000,1.05400000,17497453.60000000,1643155199999,20437354.17810000,99881,8687020.10000000,10161829.26600000
2022-01-26,1.05400000,1.10000000,0.96400000,0.98800000,5002050.40000000,1643241599999,5251290.99780000,24896,2491419.70000000,2620099.84130000
2022-01-27,0.98700000,0.99200000,0.89200000,0.93100000,2623359.50000000,1643327999999,2481241.91610000,12764,1367858.80000000,1294209.77150000
2022-01-28,0.93100000,0.98100000,0.90600000,0.96300000,1271960.90000000,1643414399999,1206336.04220000,6788,636116.00000000,604066.58070000
2022-01-29,0.96400000,1.00300000,0.95000000,0.98100000,1374279.90000000,1643500799999,1340799.50500000,7942,712387.60000000,696049.49530000
2022-01-30,0.98000000,0.99700000,0.91800000,0.93400000,937406.20000000,1643587199999,901729.80580000,5989,390690.60000000,376283.09480000
2022-01-31,0.93600000,0.96500000,0.89600000,0.93700000,839094.10000000,1643673599999,778812.27010000,5163,345722.90000000,321460.64440000
2022-02-01,0.93500000,0.98100000,0.93300000,0.95600000,1221076.40000000,1643759999999,1171958.53620000,8066,665502.90000000,639175.58460000
2022-02-02,0.95700000,0.96500000,0.89100000,0.90000000,970279.50000000,1643846399999,899632.75960000,6960,441690.40000000,409764.90930000
2022-02-03,0.90000000,0.95200000,0.88000000,0.94000000,951384.70000000,1643932799999,874777.33980000,7645,458697.40000000,421771.74470000
2022-02-04,0.94000000,1.00000000,0.91800000,0.99700000,1352888.10000000,1644019199999,1294320.79250000,9533,690081.80000000,662117.29090000
2022-02-05,0.99600000,1.02100000,0.98000000,1.00400000,1134887.20000000,1644105599999,1137366.08350000,8089,579927.70000000,581508.18970000
2022-02-06,1.00200000,1.03400000,0.99000000,1.01900000,1025064.80000000,1644191999999,1031751.44830000,6934,486103.90000000,489953.32980000
2022-02-07,1.01900000,1.10000000,1.01100000,1.06500000,1529328.10000000,1644278399999,1613027.65920000,10897,796882.00000000,841322.03410000
2022-02-08,1.06600000,1.09400000,1.02000000,1.06000000,1733233.10000000,1644364799999,1833714.81720000,11655,831766.30000000,881127.54800000
2022-02-09,1.05900000,1.09000000,1.03100000,1.07700000,814692.10000000,1644451199999,869642.63280000,7000,481456.80000000,514497.08050000
2022-02-10,1.07400000,1.07800000,0.99300000,1.00100000,1636468.00000000,1644537599999,1703557.74680000,11366,860117.00000000,897207.57040000
2022-02-11,1.00200000,1.04400000,0.95000000,0.96500000,1304483.20000000,1644623999999,1314425.55630000,9502,643153.60000000,649611.81340000
2022-02-12,0.96500000,1.08000000,0.93300000,0.96800000,3146029.90000000,1644710399999,3146585.73010000,16846,1579762.70000000,1578887.69770000
2022-02-13,0.96700000,0.99300000,0.94500000,0.94600000,766450.20000000,1644796799999,740466.94720000,5433,408500.20000000,394978.86640000
2022-02-14,0.94600000,0.95600000,0.92500000,0.94400000,692397.50000000,1644883199999,651864.87660000,5499,369185.50000000,347882.89090000
2022-02-15,0.94700000,0.99700000,0.94100000,0.99000000,1121366.50000000,1644969599999,1096706.34220000,6261,564401.50000000,551992.98340000
2022-02-16,0.99000000,0.99100000,0.95800000,0.97100000,910693.50000000,1645055999999,888114.46920000,5119,421178.00000000,410928.89780000
2022-02-17,0.97100000,1.40000000,0.95300000,1.20000000,31171181.00000000,1645142399999,38358515.87170000,190376,15988522.40000000,19695047.23310000
2022-02-18,1.20100000,1.46300000,1.07700000,1.07900000,31196572.90000000,1645228799999,40214613.03760000,190209,16064879.90000000,20810360.82810000
2022-02-19,1.07900000,1.12300000,1.00500000,1.03000000,5733989.90000000,1645315199999,6060169.12480000,30728,2646162.30000000,2800334.81950000
2022-02-20,1.03100000,1.03300000,0.93000000,0.94600000,2411529.50000000,1645401599999,2330473.53410000,13812,956766.40000000,924136.48690000
2022-02-21,0.94600000,0.98500000,0.90100000,0.91500000,2580994.70000000,1645487999999,2447939.81690000,14600,1222279.50000000,1157802.42120000
2022-02-22,0.91500000,0.92700000,0.86000000,0.89900000,1700702.70000000,1645574399999,1508542.61520000,10922,802557.40000000,711842.22780000
2022-02-23,0.89800000,1.16500000,0.89200000,1.08000000,13302434.60000000,1645660799999,13922573.16870000,73567,6968862.50000000,7311179.47720000
2022-02-24,1.08000000,1.24200000,0.89200000,1.03100000,32823143.20000000,1645747199999,35002062.26920000,166661,16277768.30000000,17440529.82510000
2022-02-25,1.03300000,1.08900000,0.99800000,1.03300000,5483291.10000000,1645833599999,5701829.49350000,32992,2786049.50000000,2896626.52730000
2022-02-26,1.03300000,1.14300000,1.02700000,1.08100000,4200443.60000000,1645919999999,4507717.04320000,22392,1899088.30000000,2038135.42640000
2022-02-27,1.08000000,1.12900000,0.97700000,0.99000000,3958510.10000000,1646006399999,4120138.15040000,21283,1858503.50000000,1936468.97040000
2022-02-28,0.99100000,1.07500000,0.97900000,1.07000000,3048563.70000000,1646092799999,3140954.82560000,15280,1596394.60000000,1647061.27760000
2022-03-01,1.07200000,1.09700000,1.03800000,1.06200000,2864776.20000000,1646179199999,3051462.79750000,16970,1328958.30000000,1416756.45090000
2022-03-02,1.06300000,1.09600000,1.02400000,1.02500000,2396237.40000000,1646265599999,2530371.40650000,14881,1128757.10000000,1194094.39400000
2022-03-03,1.02600000,1.11000000,1.00800000,1.06000000,3614375.60000000,1646351999999,3802210.67470000,19034,1758907.60000000,1852769.70550000
2022-03-04,1.06100000,1.08300000,0.95900000,0.96500000,3306058.70000000,1646438399999,3366093.53830000,16885,1419972.60000000,1447260.89450000
2022-03-05,0.96700000,1.05000000,0.95900000,1.00700000,1933428.20000000,1646524799999,1931850.19610000,12001,906350.00000000,905694.08680000
2022-03-06,1.00800000,1.01500000,0.94800000,0.95400000,1386071.20000000,1646611199999,1360061.04430000,8822,635653.90000000,623195.51950000
2022-03-07,0.95400000,0.97500000,0.91000000,0.92600000,1603168.50000000,1646697599999,1508660.10020000,10346,737019.30000000,693711.18180000
2022-03-08,0.92600000,0.99600000,0.92000000,0.92600000,2093346.20000000,1646783999999,1975940.89220000,16405,1033793.60000000,976814.71060000
2022-03-09,0.92600000,0.97700000,0.92500000,0.93900000,2493774.10000000,1646870399999,2379794.47380000,18126,1042095.40000000,996502.02360000
2022-03-10,0.93900000,0.94800000,0.89500000,0.90100000,1947673.80000000,1646956799999,1769321.91290000,16250,840786.40000000,764832.52590000
2022-03-11,0.90000000,1.01200000,0.87000000,0.92500000,7920296.80000000,1647043199999,7490525.23360000,43852,4077992.20000000,3862464.65900000
2022-03-12,0.92500000,0.93700000,0.90000000,0.90000000,1198079.80000000,1647129599999,1095427.86080000,8574,520557.90000000,476575.81280000
2022-03-13,0.90000000,0.92100000,0.86700000,0.87200000,1228434.30000000,1647215999999,1101599.45160000,8397,545024.90000000,489316.38140000
2022-03-14,0.87100000,0.89900000,0.86700000,0.89400000,1056621.20000000,1647302399999,933825.89980000,8069,548311.20000000,484655.30180000
2022-03-15,0.89400000,0.92800000,0.84400000,0.88200000,2581116.80000000,1647388799999,2292354.53260000,13794,1223008.70000000,1087330.69270000
2022-03-16,0.88100000,1.08000000,0.86300000,0.91900000,16011446.70000000,1647475199999,15646156.18450000,64610,8322716.70000000,8145432.08600000
2022-03-17,0.91900000,0.96000000,0.91500000,0.93700000,1724205.20000000,1647561599999,1618674.34700000,8727,825153.80000000,775215.37860000
2022-03-18,0.93700000,0.95200000,0.91200000,0.94000000,1350933.90000000,1647647999999,1260127.62580000,6272,617344.10000000,576110.08230000
2022-03-19,0.94000000,0.97300000,0.94000000,0.95900000,1537117.60000000,1647734399999,1470305.04530000,7127,787169.30000000,753729.34080000
2022-03-20,0.96000000,0.98500000,0.92600000,0.93700000,1396759.50000000,1647820799999,1330231.97070000,8766,579944.70000000,552673.17920000
2022-03-21,0.93600000,0.96500000,0.91900000,0.94400000,1235338.10000000,1647907199999,1169728.29770000,7966,496857.30000000,471049.38530000
2022-03-22,0.94500000,0.98000000,0.94000000,0.95500000,1669329.30000000,1647993599999,1604655.39760000,8687,854236.10000000,821453.40600000
2022-03-23,0.95400000,0.98500000,0.93500000,0.97700000,1202342.60000000,1648079999999,1155838.39570000,6736,562289.20000000,541449.29400000
2022-03-24,0.97500000,1.07400000,0.97500000,1.01900000,4998180.90000000,1648166399999,5109765.31330000,23600,2524907.60000000,2582348.57410000
2022-03-25,1.01800000,1.04300000,0.98000000,0.98300000,2069482.00000000,1648252799999,2099482.32330000,17327,961190.80000000,976646.50440000
2022-03-26,0.98300000,1.02700000,0.98000000,1.00900000,1598563.40000000,1648339199999,1600741.54080000,18157,790082.00000000,792667.59400000
2022-03-27,1.00900000,1.06900000,1.00800000,1.05900000,1860990.30000000,1648425599999,1921683.66770000,11356,995809.00000000,1030201.31880000
2022-03-28,1.05900000,1.08500000,1.04000000,1.04400000,2496348.70000000,1648511999999,2661163.76160000,11380,1170068.60000000,1249049.52090000
2022-03-29,1.04400000,1.07900000,1.02500000,1.04700000,2074550.50000000,1648598399999,2184724.22270000,12664,987566.80000000,1040592.44690000
2022-03-30,1.04700000,1.08100000,1.03700000,1.07000000,2002794.10000000,1648684799999,2124853.86040000,11862,977653.30000000,1037977.20410000
2022-03-31,1.07100000,1.13000000,1.02500000,1.10000000,5048392.80000000,1648771199999,5446939.06890000,23229,2636430.40000000,2845633.94390000
2022-04-01,1.10000000,1.11200000,1.04000000,1.10600000,2909761.10000000,1648857599999,3111565.61170000,14768,1496702.80000000,1602332.91430000
2022-04-02,1.10400000,1.20000000,1.08300000,1.11100000,4104407.20000000,1648943999999,4673047.99890000,25235,2042179.20000000,2331920.85540000
2022-04-03,1.11200000,1.18600000,1.08400000,1.14400000,2257496.10000000,1649030399999,2549899.42150000,13202,1092340.50000000,1233761.42920000
2022-04-04,1.14400000,1.17600000,1.06700000,1.10300000,3163958.20000000,1649116799999,3549771.83260000,14768,1569107.80000000,1756849.50190000
2022-04-05,1.10600000,1.12800000,1.06300000,1.06700000,1876403.30000000,1649203199999,2070574.21280000,9211,860653.90000000,951456.26590000
2022-04-06,1.06700000,1.06700000,0.97000000,0.97000000,2263274.60000000,1649289599999,2327834.50820000,11345,1063404.40000000,1094965.92110000
2022-04-07,0.97000000,1.01800000,0.95800000,0.99600000,1396032.80000000,1649375999999,1382947.16790000,6768,715843.40000000,709344.93160000
2022-04-08,0.99500000,1.01300000,0.91500000,0.92000000,1680448.10000000,1649462399999,1615405.38870000,11443,712922.90000000,685842.64280000
2022-04-09,0.92100000,0.93900000,0.90700000,0.92500000,1046386.30000000,1649548799999,966636.06140000,9330,516193.70000000,477205.83960000
2022-04-10,0.92600000,0.98000000,0.91700000,0.93300000,1145330.60000000,1649635199999,1079331.66120000,8365,538110.50000000,507262.03560000
2022-04-11,0.93400000,1.00800000,0.85700000,0.87400000,3575348.20000000,1649721599999,3317500.28000000,18474,1562583.00000000,1458787.19880000
2022-04-12,0.87400000,0.91600000,0.85000000,0.88400000,1953322.40000000,1649807999999,1724437.66360000,9196,1008960.80000000,891612.88110000
2022-04-13,0.88400000,0.94800000,0.86700000,0.90200000,1804656.20000000,1649894399999,1628717.94450000,10213,831450.80000000,750436.83910000
2022-04-14,0.90200000,0.91400000,0.86500000,0.87100000,856565.60000000,1649980799999,763323.92370000,4815,389792.40000000,347769.59220000
2022-04-15,0.87100000,0.91000000,0.86800000,0.90800000,695279.10000000,1650067199999,619423.46050000,4613,370929.70000000,330262.62230000
2022-04-16,0.90900000,0.91900000,0.87800000,0.88900000,565677.30000000,1650153599999,507531.77740000,3498,226142.30000000,203301.05830000
2022-04-17,0.88900000,0.92500000,0.86800000,0.87000000,692869.10000000,1650239999999,621713.25830000,4857,323551.90000000,290694.70880000
2022-04-18,0.86800000,0.88500000,0.84500000,0.87800000,1035054.60000000,1650326399999,891844.64010000,6217,508977.70000000,438922.50020000
2022-04-19,0.87900000,0.99400000,0.87900000,0.92600000,2814348.00000000,1650412799999,2648359.53600000,12741,1467990.30000000,1383789.74000000
2022-04-20,0.92600000,0.97400000,0.90400000,0.91000000,1615489.10000000,1650499199999,1499434.79240000,7601,757150.20000000,703855.30290000
2022-04-21,0.90900000,0.94000000,0.86900000,0.88200000,977164.60000000,1650585599999,888285.01130000,6489,375622.40000000,343078.15230000
2022-04-22,0.88000000,0.89800000,0.86500000,0.89000000,652936.50000000,1650671999999,576907.56070000,4482,332099.00000000,293597.72870000
2022-04-23,0.88900000,0.89400000,0.86900000,0.87300000,739873.10000000,1650758399999,650251.08130000,3754,353150.50000000,310982.71430000
2022-04-24,0.87300000,0.88200000,0.84700000,0.87200000,826529.70000000,1650844799999,714640.70210000,3886,394900.20000000,341650.06300000
2022-04-25,0.87300000,0.87300000,0.80000000,0.84800000,1418845.50000000,1650931199999,1175713.34640000,7873,659172.00000000,546911.65110000
2022-04-26,0.84800000,0.86200000,0.79500000,0.80000000,948025.30000000,1651017599999,790450.88480000,5016,493130.60000000,412644.79660000
2022-04-27,0.80100000,0.82300000,0.80000000,0.81400000,723472.10000000,1651103999999,585473.51190000,4817,350737.10000000,284264.11900000
2022-04-28,0.81400000,0.86500000,0.80600000,0.82500000,1079981.20000000,1651190399999,896868.64760000,6896,512030.80000000,426526.13980000
2022-04-29,0.82500000,0.82800000,0.79600000,0.80000000,760719.20000000,1651276799999,610837.55460000,3847,261919.90000000,210803.08620000
2022-04-30,0.80100000,0.82000000,0.76700000,0.76700000,744738.00000000,1651363199999,593754.64560000,4905,268543.10000000,214946.00610000
2022-05-01,0.76800000,0.78100000,0.74400000,0.77000000,527504.60000000,1651449599999,401752.36990000,3726,216740.90000000,165263.01590000
2022-05-02,0.76900000,0.80200000,0.75500000,0.75900000,989301.10000000,1651535999999,772039.54050000,4100,488896.60000000,382101.10330000
2022-05-03,0.76000000,0.78200000,0.75800000,0.76600000,518703.00000000,1651622399999,397304.57870000,2688,317310.70000000,243063.11840000
2022-05-04,0.76600000,0.81500000,0.76200000,0.81100000,1041141.60000000,1651708799999,823539.94430000,5231,482181.00000000,382116.27680000
2022-05-05,0.81400000,0.81900000,0.71900000,0.73000000,1111665.70000000,1651795199999,858378.71900000,4712,449856.40000000,346788.32660000
2022-05-06,0.73000000,0.73300000,0.69300000,0.71200000,672097.90000000,1651881599999,478667.72273400,3893,346251.60000000,246858.88260000
2022-05-07,0.71200000,0.71400000,0.68000000,0.69200000,557477.60000000,1651967999999,388689.95230000,2401,312149.80000000,217626.35990000
2022-05-08,0.69200000,0.69300000,0.64200000,0.64700000,703696.90000000,1652054399999,467017.68150000,3684,276437.60000000,183791.54150000
2022-05-09,0.64800000,0.65400000,0.52100000,0.52400000,2376114.20000000,1652140799999,1405787.91650000,7435,1036319.50000000,614327.45550000
2022-05-10,0.52300000,0.56300000,0.49800000,0.52000000,2700192.90000000,1652227199999,1441117.79733400,6917,1315358.40000000,703372.68200000
2022-05-11,0.51700000,0.52900000,0.32300000,0.35100000,3867432.80000000,1652313599999,1700494.85776400,9925,1970556.33600000,881194.92472000
2022-05-12,0.34900000,0.42400000,0.30700000,0.31800000,4482213.00000000,1652399999999,1503311.03740000,9818,2308177.10000000,783762.60000000
2022-05-13,0.31700000,0.41300000,0.31400000,0.37000000,2795125.50000000,1652486399999,1044499.78640000,7396,1408935.30000000,526589.59430000
2022-05-14,0.37200000,0.39300000,0.33200000,0.37700000,1604604.70000000,1652572799999,582295.57220000,4078,710306.00000000,258774.10500000
2022-05-15,0.37600000,0.41300000,0.36600000,0.40800000,1638604.10000000,1652659199999,639983.15520000,3772,806021.70000000,314512.86040000
2022-05-16,0.41000000,0.41000000,0.36700000,0.37200000,1630327.80000000,1652745599999,622391.71900000,2974,827357.10000000,315471.16310000
2022-05-17,0.37200000,0.40700000,0.37200000,0.39900000,1097232.90000000,1652831999999,428600.98150000,2259,558088.60000000,218242.09310000
2022-05-18,0.39900000,1.15300000,0.38600000,0.74300000,65571901.40000000,1652918399999,51152833.38690000,224811,33120236.60000000,25912258.00380000
2022-05-19,0.74300000,0.93000000,0.55100000,0.57100000,58619187.00000000,1653004799999,42182172.90360000,189852,27938505.80000000,20219873.85380000
2022-05-20,0.56900000,0.69000000,0.52500000,0.52700000,16983448.90000000,1653091199999,10343451.49840000,51060,8461217.30000000,5174750.55720000
2022-05-21,0.52700000,0.57300000,0.50300000,0.52400000,7429171.30000000,1653177599999,3945167.92290000,16163,3505459.70000000,1864623.99100000
2022-05-22,0.52200000,0.61800000,0.50000000,0.52900000,9342786.30000000,1653263999999,5081732.20290000,23837,4469788.80000000,2442636.01850000
2022-05-23,0.52900000,0.54900000,0.48200000,0.48800000,5405681.40000000,1653350399999,2826220.31550000,11618,2365823.50000000,1240007.69120000
2022-05-24,0.48700000,0.50000000,0.44600000,0.47200000,3645064.10000000,1653436799999,1743247.81410000,8407,1784527.20000000,852953.68360000
2022-05-25,0.47200000,0.48200000,0.45200000,0.45600000,2682356.30000000,1653523199999,1244843.79670000,6915,1288778.40000000,599642.19820000
2022-05-26,0.45500000,0.46700000,0.40700000,0.42300000,2618654.00000000,1653609599999,1134818.53040000,6828,1244494.70000000,539579.27750000
2022-05-27,0.42400000,0.44000000,0.40300000,0.42200000,2910678.90000000,1653695999999,1227902.27500000,6819,1391438.40000000,588444.21320000
2022-05-28,0.42200000,0.48200000,0.42000000,0.43700000,3485036.60000000,1653782399999,1552530.63550000,9278,1637873.80000000,731315.35210000
2022-05-29,0.43700000,0.55000000,0.42500000,0.45300000,8475843.40000000,1653868799999,4124818.74010000,20669,4148380.60000000,2026359.01560000
2022-05-30,0.45400000,0.49900000,0.45200000,0.48700000,3323338.80000000,1653955199999,1571747.22230000,8021,1737319.30000000,821800.81440000
2022-05-31,0.48700000,0.49800000,0.45600000,0.47100000,2831550.60000000,1654041599999,1343728.05410000,7710,1268292.50000000,603019.63650000
2022-06-01,0.47000000,0.49000000,0.41600000,0.42700000,2777219.20000000,1654127999999,1256761.74430000,7370,1276059.40000000,577341.82430000
2022-06-02,0.42700000,0.44300000,0.41900000,0.44100000,1132483.80000000,1654214399999,488840.24140000,2998,551650.10000000,238425.65050000
2022-06-03,0.44100000,0.49300000,0.42300000,0.46000000,5771070.30000000,1654300799999,2637701.75650000,13270,3008342.50000000,1378570.21710000
2022-06-04,0.46000000,0.51000000,0.44000000,0.45700000,4617069.20000000,1654387199999,2152189.70060000,11270,2160657.20000000,1010411.39100000
2022-06-05,0.45700000,0.46600000,0.44100000,0.44300000,1914937.70000000,1654473599999,865770.01240000,3924,816385.30000000,369683.43440000
2022-06-06,0.44300000,0.46600000,0.44000000,0.45300000,1687712.50000000,1654559999999,768601.10420000,4577,875955.90000000,399242.18150000
2022-06-07,0.45200000,0.56900000,0.42400000,0.47000000,7142505.60000000,1654646399999,3495180.30110000,16365,3629648.90000000,1793373.53230000
2022-06-08,0.47100000,0.54700000,0.45500000,0.46900000,7558406.40000000,1654732799999,3734349.58530000,16300,3624212.90000000,1793164.57010000
2022-06-09,0.46900000,0.58100000,0.46300000,0.51300000,14045758.20000000,1654819199999,7362158.48430000,30541,7025035.60000000,3698118.45880000
2022-06-10,0.51400000,0.54300000,0.48200000,0.49500000,8193024.30000000,1654905599999,4145977.16010000,17031,3830138.10000000,1944288.90840000
2022-06-11,0.49400000,0.51800000,0.43200000,0.43800000,3878950.90000000,1654991999999,1854631.45850000,8420,1694254.70000000,812315.38110000
2022-06-12,0.43800000,0.44700000,0.39700000,0.42500000,3112804.50000000,1655078399999,1329390.75130000,6538,1434216.30000000,612998.49410000
2022-06-13,0.42400000,0.43100000,0.35900000,0.38200000,4692257.30000000,1655164799999,1834087.50920000,10126,2335166.10000000,915817.80370000
2022-06-14,0.38000000,0.47400000,0.34800000,0.39800000,8567047.70000000,1655251199999,3538407.67280000,16914,4199729.80000000,1740691.89910000
2022-06-15,0.39800000,0.44000000,0.35600000,0.41700000,6550481.70000000,1655337599999,2612272.39150000,13965,3357947.50000000,1343943.60250000
2022-06-16,0.41800000,0.42600000,0.37300000,0.37700000,4053835.20000000,1655423999999,1618886.52180000,7503,1820796.90000000,728202.11350000
2022-06-17,0.37700000,0.39900000,0.37700000,0.38400000,1485915.00000000,1655510399999,577036.47870000,3460,665737.50000000,258446.35610000
2022-06-18,0.38400000,0.39200000,0.33200000,0.35600000,2657623.00000000,1655596799999,950555.31790000,5619,1245160.90000000,446782.35100000
2022-06-19,0.35600000,0.38800000,0.33800000,0.38300000,1857675.80000000,1655683199999,678070.81710000,4245,951637.30000000,347556.23560000
2022-06-20,0.38300000,0.39600000,0.36500000,0.37500000,2900214.20000000,1655769599999,1101574.71220000,5738,1322097.90000000,503753.75380000
2022-06-21,0.37500000,0.40800000,0.37500000,0.38300000,2386913.40000000,1655855999999,930957.19270000,4849,1117649.90000000,436500.35540000
2022-06-22,0.38100000,0.38700000,0.36800000,0.37300000,1667584.50000000,1655942399999,626512.90170000,3696,844979.00000000,317590.47560000
2022-06-23,0.37100000,0.45300000,0.37000000,0.39400000,5192806.80000000,1656028799999,2116041.97030000,11712,2429372.20000000,994904.54310000
2022-06-24,0.39200000,0.41800000,0.38700000,0.40700000,2191818.50000000,1656115199999,879555.92970000,4690,1110310.80000000,445953.94830000
2022-06-25,0.40800000,0.42300000,0.39500000,0.40900000,1884462.80000000,1656201599999,770531.80290000,4385,912758.40000000,373901.35740000
2022-06-26,0.40900000,0.42700000,0.39100000,0.39400000,1140163.90000000,1656287999999,467062.52930000,3470,511775.40000000,210359.40390000
2022-06-27,0.39400000,0.41700000,0.39300000,0.40500000,1467719.80000000,1656374399999,593101.41490000,3887,707053.90000000,286304.81620000
2022-06-28,0.40700000,0.41500000,0.37000000,0.37400000,1641790.20000000,1656460799999,645760.06230000,3679,694357.90000000,274258.62380000
2022-06-29,0.37400000,0.39200000,0.36100000,0.38700000,1415538.30000000,1656547199999,531617.46590000,3563,691424.80000000,259931.49840000
2022-06-30,0.38700000,0.42000000,0.35100000,0.37500000,4966141.50000000,1656633599999,1888574.96270000,8531,2445351.90000000,931888.08830000
2022-07-01,0.37500000,0.39000000,0.36300000,0.36800000,1677717.30000000,1656719999999,627573.84870000,3487,725061.10000000,271458.80780000
2022-07-02,0.36900000,0.38000000,0.36500000,0.37400000,718588.90000000,1656806399999,267731.85160000,1784,326300.50000000,121851.52510000
2022-07-03,0.37400000,0.40300000,0.36600000,0.37600000,3598242.80000000,1656892799999,1384548.33170000,7103,1742357.70000000,672306.59000000
2022-07-04,0.37600000,0.39500000,0.37100000,0.39300000,1565133.70000000,1656979199999,603913.20380000,3926,757552.00000000,292943.70660000
2022-07-05,0.39300000,0.40300000,0.37500000,0.38100000,1489550.50000000,1657065599999,575039.03480000,2941,651600.10000000,252655.32820000
2022-07-06,0.38100000,0.40400000,0.37300000,0.39300000,1750696.10000000,1657151999999,681361.62930000,3537,875166.90000000,341736.30940000
2022-07-07,0.39500000,0.42800000,0.39000000,0.41400000,3829062.20000000,1657238399999,1575817.99110000,6888,1824650.60000000,752544.85600000
2022-07-08,0.41400000,0.42500000,0.39100000,0.40400000,1935944.30000000,1657324799999,785048.30650000,3950,900539.20000000,365570.61840000
2022-07-09,0.39900000,0.54500000,0.39700000,0.46600000,14054793.50000000,1657411199999,6787840.42070000,29508,7129984.70000000,3444957.35600000
2022-07-10,0.46600000,0.46600000,0.40400000,0.41700000,7542212.20000000,1657497599999,3227986.41930000,15234,3457917.40000000,1478458.08560000
2022-07-11,0.41800000,0.41800000,0.37300000,0.37500000,2193071.40000000,1657583999999,868347.26310000,5393,945366.90000000,374005.48580000
2022-07-12,0.37300000,0.38700000,0.36500000,0.36900000,1381906.00000000,1657670399999,518719.46040000,3857,627305.30000000,235968.67870000
2022-07-13,0.36800000,0.40000000,0.35900000,0.39300000,2433987.10000000,1657756799999,929772.31980000,6154,1210967.70000000,464035.94930000
2022-07-14,0.39300000,0.47600000,0.38300000,0.40800000,11524082.60000000,1657843199999,4900479.38170000,20931,5541520.60000000,2362854.69070000
2022-07-15,0.40800000,0.41900000,0.40100000,0.41000000,2287853.90000000,1657929599999,936454.44230000,4323,968425.20000000,397039.64900000
2022-07-16,0.41100000,0.44300000,0.39500000,0.42900000,4162733.30000000,1658015999999,1760229.28910000,8076,2233881.40000000,949197.85470000
2022-07-17,0.42900000,0.45000000,0.42400000,0.43500000,3152750.10000000,1658102399999,1369051.20700000,6347,1549279.20000000,674521.25470000
2022-07-18,0.43500000,0.45800000,0.42800000,0.45300000,2891885.80000000,1658188799999,1286151.54930000,6201,1486969.10000000,662956.64450000
2022-07-19,0.45300000,0.46600000,0.43200000,0.45100000,1855529.30000000,1658275199999,831996.04850000,4494,869507.90000000,390482.65840000
2022-07-20,0.45000000,0.46800000,0.42000000,0.42300000,1580149.60000000,1658361599999,708402.84840000,4779,715008.70000000,321778.76400000
2022-07-21,0.42300000,0.43700000,0.40600000,0.43400000,1130831.60000000,1658447999999,477068.32910000,3450,552491.20000000,233501.01770000
2022-07-22,0.43400000,0.44900000,0.41800000,0.41800000,970529.30000000,1658534399999,422676.53640000,3042,443254.60000000,193642.10730000
2022-07-23,0.41800000,0.43800000,0.41500000,0.43500000,1024774.50000000,1658620799999,438163.98200000,3121,514243.20000000,220145.56450000
2022-07-24,0.43500000,0.44100000,0.42800000,0.43100000,760942.80000000,1658707199999,330535.34670000,1951,347924.10000000,151364.58190000
2022-07-25,0.43300000,0.43300000,0.40300000,0.40500000,685198.70000000,1658793599999,286156.19420000,1835,263040.10000000,109927.47780000
2022-07-26,0.40400000,0.40600000,0.38400000,0.40100000,897609.20000000,1658879999999,355064.10800000,2163,432113.70000000,171040.10440000
2022-07-27,0.40100000,0.43800000,0.39400000,0.43200000,1763125.80000000,1658966399999,736465.99350000,3516,899409.30000000,376529.61970000
2022-07-28,0.43300000,0.51900000,0.42400000,0.44700000,6491280.40000000,1659052799999,2974584.24400000,10851,3386695.10000000,1561069.56270000
2022-07-29,0.44800000,0.51000000,0.44600000,0.48700000,4395660.90000000,1659139199999,2059573.16890000,9109,2087342.30000000,978937.90580000
2022-07-30,0.48700000,0.52000000,0.43600000,0.45900000,6635971.20000000,1659225599999,3154085.50180000,14672,2708020.30000000,1294369.10930000
2022-07-31,0.46100000,0.48900000,0.45900000,0.46100000,2566625.20000000,1659311999999,1221515.34240000,5996,1174160.40000000,559303.99930000
2022-08-01,0.46300000,0.49300000,0.45900000,0.49100000,2059946.80000000,1659398399999,981206.96090000,5960,966846.70000000,461473.92470000
2022-08-02,0.49000000,0.49600000,0.44500000,0.45400000,2762318.60000000,1659484799999,1275586.30150000,5954,1303377.70000000,601566.20290000
2022-08-03,0.45400000,0.48900000,0.44000000,0.46200000,1742248.80000000,1659571199999,817716.66090000,4884,863323.80000000,405584.17110000
2022-08-04,0.46300000,0.47700000,0.45300000,0.46000000,1294377.90000000,1659657599999,598515.68210000,3121,589305.40000000,272891.53460000
2022-08-05,0.45900000,0.48400000,0.45900000,0.47800000,1929229.00000000,1659743999999,912007.90880000,4704,974678.40000000,461227.23910000
2022-08-06,0.47800000,0.48200000,0.46700000,0.47000000,1082387.30000000,1659830399999,514352.72420000,2758,506463.70000000,241114.82700000
2022-08-07,0.47000000,0.48600000,0.46400000,0.47600000,1181129.80000000,1659916799999,562627.93330000,3013,552308.90000000,263430.75960000
2022-08-08,0.47700000,0.49600000,0.47000000,0.48000000,1411159.30000000,1660003199999,682960.02010000,3804,729658.60000000,354025.51950000
2022-08-09,0.48000000,0.49100000,0.45300000,0.47900000,1698186.70000000,1660089599999,798537.89660000,3983,785423.00000000,370277.63900000
2022-08-10,0.48100000,0.50800000,0.46300000,0.49100000,3550706.80000000,1660175999999,1729052.77420000,7828,1737844.00000000,848328.85020000
2022-08-11,0.49000000,0.51100000,0.47800000,0.48100000,2075032.10000000,1660262399999,1022988.29220000,4506,960544.70000000,475113.40620000
2022-08-12,0.48000000,0.48600000,0.46900000,0.48400000,1727765.70000000,1660348799999,823843.08530000,4138,745512.30000000,356232.99210000
2022-08-13,0.48300000,0.58700000,0.47700000,0.53600000,14958114.90000000,1660435199999,8061121.15130000,36280,7469237.60000000,4032587.61090000
2022-08-14,0.53800000,0.54900000,0.48200000,0.49200000,9705791.00000000,1660521599999,4981689.43530000,22811,4386859.10000000,2258601.66050000
2022-08-15,0.49200000,0.50100000,0.47500000,0.47800000,2621476.40000000,1660607999999,1274793.65780000,5077,1075927.10000000,523914.44080000
2022-08-16,0.47800000,0.48300000,0.46700000,0.47400000,1005625.00000000,1660694399999,478299.63520000,2721,426069.40000000,202802.55110000
2022-08-17,0.47400000,0.49500000,0.45700000,0.46000000,1674323.90000000,1660780799999,798336.26960000,4107,792782.50000000,378329.31400000
2022-08-18,0.46000000,0.47100000,0.44800000,0.45100000,1010801.00000000,1660867199999,465359.69700000,2788,492086.60000000,227204.32880000
2022-08-19,0.45100000,0.45100000,0.38800000,0.39000000,1658839.70000000,1660953599999,677435.71960000,5110,677261.00000000,277740.08530000
2022-08-20,0.39000000,0.41600000,0.38900000,0.40000000,1193011.30000000,1661039999999,483240.53420000,3200,587988.40000000,238083.06020000
2022-08-21,0.40100000,0.41800000,0.39900000,0.41200000,1087540.60000000,1661126399999,445489.73150000,2920,496048.60000000,203064.96040000
2022-08-22,0.41200000,0.41200000,0.38000000,0.39200000,1440267.20000000,1661212799999,562492.73760000,3211,839886.00000000,327716.40940000
2022-08-23,0.39200000,0.40800000,0.38200000,0.40600000,1086397.20000000,1661299199999,430422.15540000,2756,536752.90000000,213049.94620000
2022-08-24,0.40600000,0.41000000,0.39500000,0.40100000,862802.00000000,1661385599999,347089.97460000,2276,407398.80000000,164011.37660000
2022-08-25,0.40000000,0.41500000,0.40000000,0.41100000,822325.00000000,1661471999999,334645.75890000,2114,391302.60000000,159492.76170000
2022-08-26,0.41100000,0.41100000,0.36600000,0.36800000,1461113.30000000,1661558399999,567027.40340000,3273,612357.70000000,238163.96960000
2022-08-27,0.36800000,0.37700000,0.36200000,0.36800000,824725.40000000,1661644799999,304297.23920000,2088,409512.90000000,151411.57750000
2022-08-28,0.36800000,0.37300000,0.36000000,0.36100000,777316.10000000,1661731199999,286133.27890000,1499,388243.30000000,143170.15940000
2022-08-29,0.36100000,0.42900000,0.36000000,0.38800000,7268929.20000000,1661817599999,2881324.44280000,12837,3708377.00000000,1473584.48270000
2022-08-30,0.38800000,0.39300000,0.36900000,0.37900000,1566359.90000000,1661903999999,599601.03440000,2952,786444.90000000,301581.28720000
2022-08-31,0.37900000,0.39100000,0.37300000,0.37500000,698905.40000000,1661990399999,266449.77640000,1789,313081.70000000,119479.32060000
2022-09-01,0.37600000,0.37900000,0.36100000,0.37700000,905709.50000000,1662076799999,334408.69150000,2120,395208.10000000,146010.97960000
2022-09-02,0.37600000,0.38500000,0.37100000,0.37700000,718559.60000000,1662163199999,271598.05890000,1793,326260.00000000,123515.02180000
2022-09-03,0.37800000,0.38000000,0.37300000,0.37500000,361630.70000000,1662249599999,136334.60010000,896,155575.90000000,58744.70380000
2022-09-04,0.37600000,0.38900000,0.37400000,0.38700000,529114.70000000,1662335999999,202299.96980000,1293,305358.90000000,116904.98940000
2022-09-05,0.38800000,0.39000000,0.37300000,0.38100000,537928.00000000,1662422399999,204141.57960000,1371,239458.90000000,90922.75240000
2022-09-06,0.38000000,0.38700000,0.36200000,0.36400000,734561.70000000,1662508799999,276023.62020000,1845,380260.20000000,143349.50240000
2022-09-07,0.36400000,0.37700000,0.35700000,0.37400000,761135.20000000,1662595199999,279131.13170000,1684,411421.60000000,150637.82500000
2022-09-08,0.37400000,0.39000000,0.36800000,0.38000000,852167.20000000,1662681599999,321958.78930000,2111,440805.40000000,166778.69560000
2022-09-09,0.38000000,0.39900000,0.38000000,0.39900000,1219614.20000000,1662767999999,477791.48350000,2779,690313.10000000,270693.10000000
2022-09-10,0.39900000,0.40400000,0.38900000,0.40300000,682664.80000000,1662854399999,270353.56120000,2252,330975.30000000,131357.85520000
2022-09-11,0.40300000,0.42600000,0.39000000,0.40500000,2903027.50000000,1662940799999,1187901.01470000,4997,1354733.30000000,555789.80720000
2022-09-12,0.40400000,0.42000000,0.39500000,0.39900000,995658.20000000,1663027199999,405156.80720000,3035,545083.20000000,222609.25980000
2022-09-13,0.40000000,0.40500000,0.37700000,0.37800000,1238684.80000000,1663113599999,486054.67170000,2778,504975.30000000,198509.88710000
2022-09-14,0.37900000,0.38800000,0.37100000,0.38200000,797379.70000000,1663199999999,302596.02560000,1847,442185.00000000,168024.38390000
2022-09-15,0.38200000,0.38900000,0.36300000,0.36900000,953642.30000000,1663286399999,356642.98480000,2361,434393.00000000,162869.77680000
2022-09-16,0.36700000,0.37600000,0.36400000,0.37600000,489270.50000000,1663372799999,180816.44800000,1307,258924.90000000,95738.40770000
2022-09-17,0.37600000,0.48000000,0.37500000,0.38300000,6101170.90000000,1663459199999,2539226.64950000,13058,3174185.00000000,1335023.15020000
2022-09-18,0.38300000,0.46400000,0.37100000,0.37600000,9506170.20000000,1663545599999,3901716.94820000,18884,4595890.20000000,1895937.35320000
2022-09-19,0.37600000,0.42300000,0.36900000,0.39000000,7018810.70000000,1663631999999,2766568.93420000,15091,3630953.00000000,1436444.84130000
2022-09-20,0.39000000,0.39400000,0.37600000,0.38900000,1557473.60000000,1663718399999,597816.07870000,3376,695818.20000000,267497.78360000
2022-09-21,0.38900000,0.40300000,0.36500000,0.37300000,2714939.10000000,1663804799999,1034291.18970000,5684,1267461.00000000,484484.07730000
2022-09-22,0.37200000,0.40000000,0.36900000,0.38200000,2104152.00000000,1663891199999,815235.37370000,4646,1050931.90000000,407420.81180000
2022-09-23,0.38300000,0.39200000,0.36700000,0.38100000,1948855.60000000,1663977599999,739212.95920000,4203,870139.10000000,330691.76290000
2022-09-24,0.38000000,0.38400000,0.37400000,0.37700000,579148.90000000,1664063999999,219949.37010000,1571,261699.60000000,99394.56310000
2022-09-25,0.37700000,0.38200000,0.37200000,0.37500000,420198.50000000,1664150399999,158255.33570000,1330,174597.10000000,65849.50000000
2022-09-26,0.37600000,0.38900000,0.37300000,0.38600000,1101783.10000000,1664236799999,420342.46210000,2581,507373.00000000,193797.35670000
2022-09-27,0.38600000,0.39200000,0.37400000,0.37900000,1304698.90000000,1664323199999,502122.14110000,2991,654212.30000000,252069.09990000
2022-09-28,0.37900000,0.38400000,0.37100000,0.37900000,660676.00000000,1664409599999,248630.04450000,1883,334531.40000000,125957.99770000
2022-09-29,0.37900000,0.42900000,0.37200000,0.38600000,8320901.80000000,1664495999999,3352425.76630000,13480,4273675.40000000,1729127.12280000
2022-09-30,0.38600000,0.39300000,0.37400000,0.38200000,2436524.30000000,1664582399999,934777.30990000,5228,1080693.10000000,415525.56970000
2022-10-01,0.38300000,0.39000000,0.37900000,0.38000000,1282214.50000000,1664668799999,491547.92250000,2401,703363.80000000,269956.15580000
2022-10-02,0.38100000,0.38500000,0.37500000,0.38000000,925166.10000000,1664755199999,351365.55650000,2163,417788.90000000,158901.28070000
2022-10-03,0.38000000,0.42000000,0.37900000,0.38600000,3525621.10000000,1664841599999,1383090.53190000,7044,1822408.00000000,718178.66210000
2022-10-04,0.38600000,0.42700000,0.38600000,0.39800000,2942774.10000000,1664927999999,1184863.50450000,5980,1547671.60000000,626384.55710000
2022-10-05,0.39800000,0.42600000,0.39100000,0.41800000,6061134.30000000,1665014399999,2484637.57630000,12934,2976568.00000000,1223137.33200000
2022-10-06,0.41800000,0.43600000,0.39900000,0.40000000,1945203.30000000,1665100799999,803352.77100000,4187,814009.70000000,338323.30930000
2022-10-07,0.40100000,0.41000000,0.39000000,0.39400000,1039577.80000000,1665187199999,414042.36210000,2107,469839.80000000,187775.15110000
2022-10-08,0.39500000,0.40400000,0.39100000,0.39300000,612678.60000000,1665273599999,242552.69370000,1838,232552.90000000,92244.93190000
2022-10-09,0.39300000,0.39800000,0.38800000,0.39100000,455055.30000000,1665359999999,178708.45030000,1391,202600.00000000,79776.29360000
2022-10-10,0.39000000,0.39900000,0.38800000,0.38900000,863449.50000000,1665446399999,339175.04030000,1550,380239.30000000,149712.67820000
2022-10-11,0.38800000,0.38900000,0.38000000,0.38300000,584129.70000000,1665532799999,224787.31540000,1832,253931.60000000,97917.25640000
2022-10-12,0.38300000,0.40500000,0.38000000,0.39200000,1868902.20000000,1665619199999,734009.69160000,4796,979403.70000000,385874.70390000
2022-10-13,0.39300000,0.41600000,0.37000000,0.39000000,4520615.60000000,1665705599999,1775631.55440000,10324,2283520.10000000,902102.36130000
2022-10-14,0.39000000,0.40000000,0.38500000,0.39000000,1172703.30000000,1665791999999,462398.72720000,3375,493041.50000000,195048.45950000
2022-10-15,0.39100000,0.40800000,0.38800000,0.39600000,2007211.90000000,1665878399999,795550.83580000,4770,939446.30000000,373263.37230000
2022-10-16,0.39600000,0.43000000,0.39400000,0.40600000,4166930.30000000,1665964799999,1715770.95200000,9348,2121877.10000000,876479.14520000
2022-10-17,0.40700000,0.42000000,0.39700000,0.40200000,1789382.20000000,1666051199999,727350.35550000,4864,770393.30000000,314266.49820000
2022-10-18,0.40200000,0.40400000,0.39100000,0.39300000,1105297.50000000,1666137599999,438365.04120000,3293,506102.40000000,201042.35850000
2022-10-19,0.39300000,0.39400000,0.37200000,0.37700000,1427228.50000000,1666223999999,543130.10560000,4037,647226.50000000,246996.61840000
2022-10-20,0.37600000,0.39200000,0.37400000,0.37700000,1099953.40000000,1666310399999,420173.53910000,3392,497834.30000000,190527.55490000
2022-10-21,0.37600000,0.39300000,0.37200000,0.38900000,1155737.60000000,1666396799999,442550.09080000,3543,525769.70000000,201727.27550000
2022-10-22,0.38900000,0.42200000,0.38300000,0.39700000,4147578.00000000,1666483199999,1658617.66840000,8517,2079093.80000000,836622.81130000
2022-10-23,0.39600000,0.40300000,0.38200000,0.39300000,1580877.80000000,1666569599999,616341.27730000,5864,740323.00000000,289107.52880000
2022-10-24,0.39400000,0.40000000,0.38500000,0.39900000,1022693.00000000,1666655999999,401124.44900000,2654,502414.90000000,197421.80720000
2022-10-25,0.39900000,0.41000000,0.38700000,0.40500000,1430656.40000000,1666742399999,574116.72250000,2997,684879.60000000,275089.75530000
2022-10-26,0.40400000,0.41000000,0.39600000,0.40500000,1709994.10000000,1666828799999,689260.23250000,3493,793751.10000000,320431.60130000
2022-10-27,0.40500000,0.41000000,0.39000000,0.39300000,1163721.70000000,1666915199999,465989.30240000,3025,482506.60000000,194094.63150000
2022-10-28,0.39300000,0.40500000,0.38600000,0.40100000,1070950.40000000,1667001599999,422705.91040000,2556,516829.60000000,204657.28170000
2022-10-29,0.40100000,0.41300000,0.39700000,0.40200000,1565954.70000000,1667087999999,635730.12710000,4084,753587.80000000,306370.70660000
2022-10-30,0.40100000,0.40900000,0.38700000,0.39300000,1739700.00000000,1667174399999,693013.80240000,3497,763691.40000000,305101.99250000
2022-10-31,0.39300000,0.40100000,0.38700000,0.39300000,909120.00000000,1667260799999,357518.73600000,2361,422168.00000000,166263.98040000
2022-11-01,0.39200000,0.39700000,0.39000000,0.39300000,512020.40000000,1667347199999,201510.20430000,1602,256519.40000000,101097.28370000
2022-11-02,0.39400000,0.42000000,0.39100000,0.39600000,4024115.30000000,1667433599999,1627816.54760000,8470,2191518.40000000,889038.78280000
2022-11-03,0.39700000,0.44500000,0.39600000,0.43700000,7784408.60000000,1667519999999,3276198.44680000,15857,4090256.90000000,1725285.56080000
2022-11-04,0.43600000,0.54900000,0.41900000,0.43500000,17304342.40000000,1667606399999,8081803.32330000,36477,8384671.70000000,3934991.72270000
2022-11-05,0.43400000,0.45100000,0.42500000,0.43000000,3345024.90000000,1667692799999,1467197.38890000,7629,1428456.70000000,628423.58940000
2022-11-06,0.42900000,0.43800000,0.40200000,0.40300000,2992300.60000000,1667779199999,1253087.70550000,6049,1356978.00000000,568865.68550000
2022-11-07,0.40200000,0.41800000,0.40200000,0.41300000,1464842.70000000,1667865599999,600297.55160000,4380,556415.60000000,228382.03200000
2022-11-08,0.41200000,0.41800000,0.33700000,0.34700000,6420359.20000000,1667951999999,2423639.15210000,12357,2844538.80000000,1074010.79390000
2022-11-09,0.34600000,0.35400000,0.27300000,0.27800000,2573248.10000000,1668038399999,806677.00220000,6477,1214398.70000000,381906.22370000
2022-11-10,0.27700000,0.32400000,0.27400000,0.31600000,3187190.60000000,1668124799999,967403.83470000,5810,1474950.70000000,449385.60470000
2022-11-11,0.31700000,0.32800000,0.28900000,0.29800000,2708655.50000000,1668211199999,829321.86530000,5743,1317820.40000000,403701.67330000
2022-11-12,0.29900000,0.33000000,0.28500000,0.30600000,2896496.50000000,1668297599999,889918.05950000,6014,1464267.50000000,451614.57300000
2022-11-13,0.30400000,0.31100000,0.28800000,0.29700000,2251084.60000000,1668383999999,673313.06920000,4986,1150043.30000000,344765.54040000
2022-11-14,0.29600000,0.30100000,0.27900000,0.29600000,1429130.80000000,1668470399999,415500.90610000,3259,659639.50000000,191935.31340000
2022-11-15,0.29600000,0.31500000,0.29500000,0.30000000,1181014.40000000,1668556799999,362510.09020000,2573,499565.20000000,153589.28930000
2022-11-16,0.30000000,0.31500000,0.29800000,0.31000000,1476465.40000000,1668643199999,449117.91020000,3104,814215.90000000,248009.97400000
2022-11-17,0.31100000,0.31200000,0.29600000,0.30000000,671643.20000000,1668729599999,203525.68800000,1686,274756.80000000,83225.42430000
2022-11-18,0.30000000,0.30900000,0.29700000,0.30600000,833049.80000000,1668815999999,251064.21360000,2037,405660.50000000,122557.63370000
2022-11-19,0.30600000,0.32400000,0.29900000,0.30300000,1799366.30000000,1668902399999,557347.14220000,3440,929522.90000000,290005.13350000
2022-11-20,0.30300000,0.31300000,0.29600000,0.29600000,1926437.30000000,1668988799999,590777.69620000,4027,737218.40000000,226648.76190000
2022-11-21,0.29800000,0.37400000,0.28300000,0.31600000,16112420.60000000,1669075199999,5349725.51030000,34525,8569624.00000000,2853090.94330000
2022-11-22,0.31700000,0.33900000,0.30200000,0.31700000,6953036.80000000,1669161599999,2197728.11670000,17436,3244625.70000000,1029554.61970000
2022-11-23,0.31700000,0.33000000,0.31400000,0.32700000,2690493.30000000,1669247999999,864253.08760000,5623,1265506.80000000,407645.02080000
2022-11-24,0.32800000,0.33000000,0.31100000,0.32100000,1487202.60000000,1669334399999,477769.84970000,3677,670566.80000000,216101.13710000
2022-11-25,0.32100000,0.32200000,0.30500000,0.31300000,1125256.20000000,1669420799999,349881.79610000,2325,483340.80000000,150490.94310000
2022-11-26,0.31300000,0.32300000,0.31000000,0.31900000,1086295.50000000,1669507199999,344845.60850000,3170,517603.50000000,164665.26060000
2022-11-27,0.32000000,0.34200000,0.31500000,0.31600000,1935400.30000000,1669593599999,635384.70470000,4550,977576.50000000,321748.60410000
2022-11-28,0.31600000,0.36700000,0.30800000,0.33500000,8353274.10000000,1669679999999,2814459.44090000,16081,4449668.10000000,1507076.23150000
2022-11-29,0.33600000,0.37100000,0.32100000,0.33200000,5783639.10000000,1669766399999,1991590.86580000,13077,2553169.40000000,884740.90060000
2022-11-30,0.33300000,0.37400000,0.33100000,0.35200000,4546466.80000000,1669852799999,1594018.35620000,8836,2163831.70000000,762382.39170000
2022-12-01,0.35200000,0.38400000,0.34100000,0.35800000,4274807.60000000,1669939199999,1540629.58980000,8273,2103465.80000000,760491.94720000
2022-12-02,0.35700000,0.36500000,0.34200000,0.34900000,2055432.40000000,1670025599999,721022.99840000,3933,882277.80000000,309898.19860000
2022-12-03,0.34900000,0.35200000,0.33700000,0.33800000,1169501.20000000,1670111999999,402505.38160000,2196,518499.80000000,178936.24870000
2022-12-04,0.33800000,0.34900000,0.33800000,0.34100000,253427.50000000,1670198399999,86922.92150000,708,110521.10000000,37996.46880000
