timestamp,open,high,low,close,volume,close_time,quote_av,trades,tb_base_av,tb_quote_av
2021-01-27,0.16980000,0.50000000,0.16980000,0.43100000,307684578.14000000,1611791999999,102717884.33858600,302378,161335785.70000000,53971836.10521200
2021-01-28,0.43120000,0.43140000,0.29190000,0.30120000,156658865.88000000,1611878399999,55520265.39380900,159822,71935283.43000000,25598830.43389500
2021-01-29,0.30090000,0.32100000,0.25200000,0.28800000,74611336.58000000,1611964799999,20807269.23314900,84447,35284095.82000000,9893797.65348200
2021-01-30,0.28780000,0.34800000,0.28300000,0.29800000,47977142.59000000,1612051199999,14856975.70822600,62563,22292634.63000000,6946959.70817800
2021-01-31,0.29800000,0.32130000,0.28330000,0.29070000,26593050.22000000,1612137599999,7922892.18639500,34306,12144411.02000000,3634086.73043600
2021-02-01,0.29070000,0.31970000,0.28670000,0.30180000,21475119.72000000,1612223999999,6513269.16659500,26739,9845770.79000000,2990908.44000100
2021-02-02,0.30180000,0.33990000,0.29630000,0.32660000,25317276.33000000,1612310399999,8000176.00169700,31216,12237016.36000000,3874469.38403500
2021-02-03,0.32660000,0.37800000,0.32650000,0.36960000,30858737.15000000,1612396799999,10776655.30854100,43653,15329815.60000000,5361984.40920600
2021-02-04,0.36960000,0.44050000,0.34000000,0.41300000,42808973.21000000,1612483199999,16408435.80089300,55890,21778445.55000000,8389843.77996100
2021-02-05,0.41270000,0.55000000,0.41270000,0.46340000,63899257.99000000,1612569599999,31181675.37167900,101067,31206935.74000000,15264240.55204700
2021-02-06,0.46610000,0.57840000,0.42020000,0.55040000,49875902.24000000,1612655999999,25110979.36205500,92630,24569321.28000000,12464308.20648100
2021-02-07,0.55040000,0.66600000,0.52890000,0.60960000,70201994.70000000,1612742399999,42336061.74319800,135875,34306621.72000000,20745155.74397900
2021-02-08,0.60960000,0.72440000,0.59650000,0.70420000,48960143.51000000,1612828799999,33040862.02993200,96586,25231744.02000000,17059898.28409700
2021-02-09,0.70670000,0.70800000,0.61520000,0.64620000,32626756.58000000,1612915199999,21410916.66316200,78104,14608577.97000000,9587510.55750700
2021-02-10,0.64630000,0.75830000,0.60490000,0.63840000,40395717.23000000,1613001599999,27905048.68538600,112385,20069132.24000000,13915650.11836700
2021-02-11,0.63840000,0.74870000,0.62730000,0.72120000,22118423.42000000,1613087999999,15303764.47379600,63748,11039516.82000000,7659328.86667100
2021-02-12,0.72370000,0.73350000,0.67110000,0.69500000,17525783.62000000,1613174399999,12341568.69637800,55010,7875670.77000000,5563535.07508700
2021-02-13,0.69380000,0.70710000,0.64000000,0.65520000,15910244.92000000,1613260799999,10750442.26060300,48312,7024343.59000000,4750065.04180600
2021-02-14,0.65510000,0.66930000,0.61000000,0.63970000,15360675.07000000,1613347199999,9818939.09020400,42763,6390429.78000000,4092300.37285900
2021-02-15,0.63970000,0.64200000,0.51100000,0.56930000,26036556.10000000,1613433599999,14974893.56978600,60435,12053115.90000000,6932354.67531600
2021-02-16,0.56920000,0.66760000,0.54280000,0.64530000,20652421.77000000,1613519999999,12735382.02140900,55289,10595101.04000000,6545154.05562600
2021-02-17,0.64540000,0.68000000,0.57830000,0.66170000,18253582.82000000,1613606399999,11564220.19237800,49001,9562897.10000000,6089464.49278400
2021-02-18,0.66250000,0.79880000,0.65120000,0.77930000,29202050.39000000,1613692799999,20816188.89718800,82416,17218991.88000000,12268638.57994500
2021-02-19,0.77930000,0.88710000,0.70000000,0.87000000,39260986.92000000,1613779199999,32124685.42677400,122009,20599681.36000000,16933764.23529100
2021-02-20,0.86990000,0.87100000,0.67100000,0.74140000,27299964.85000000,1613865599999,21239849.29830900,87434,12248295.31000000,9548758.72188600
2021-02-21,0.74510000,0.82500000,0.71620000,0.76110000,16687857.50000000,1613951999999,12834489.24640600,54523,8215489.99000000,6330708.51043900
2021-02-22,0.75890000,0.76140000,0.57100000,0.70480000,25070707.68000000,1614038399999,17194732.82117700,63090,10889993.06000000,7479873.31981900
2021-02-23,0.70470000,0.70790000,0.53100000,0.60470000,21725218.53000000,1614124799999,12924917.42892200,47407,10091538.25000000,6015758.66555500
2021-02-24,0.60500000,0.67860000,0.56910000,0.62890000,14850028.74000000,1614211199999,9360050.91348400,38482,7563970.64000000,4777744.83482200
2021-02-25,0.62890000,0.63950000,0.57590000,0.57800000,12072318.09000000,1614297599999,7364090.26995600,28436,5275333.83000000,3229254.53424300
2021-02-26,0.57760000,0.58000000,0.50200000,0.54130000,13451638.38000000,1614383999999,7289161.92574400,27651,6268677.27000000,3388820.54457900
2021-02-27,0.54000000,0.56790000,0.51510000,0.53620000,8831063.06000000,1614470399999,4815181.31113000,21807,4434858.24000000,2420874.07105600
2021-02-28,0.53620000,0.54160000,0.41670000,0.46050000,16074688.43000000,1614556799999,7458104.80710800,30261,7923565.18000000,3670247.25967300
2021-03-01,0.46200000,0.55000000,0.45710000,0.53340000,13644332.49000000,1614643199999,6994398.38358600,33418,7103893.48000000,3641851.21823400
2021-03-02,0.53340000,0.57000000,0.49000000,0.52280000,13236167.35000000,1614729599999,7014365.95334400,30175,5834178.49000000,3099426.50365400
2021-03-03,0.52280000,0.58300000,0.51340000,0.54050000,12742587.41000000,1614815999999,6998747.60928800,29571,6209010.90000000,3414413.39979200
2021-03-04,0.54000000,0.56000000,0.49000000,0.50880000,10142193.35000000,1614902399999,5309452.04681100,25152,4112895.67000000,2161512.42523300
2021-03-05,0.50880000,0.51810000,0.48000000,0.50000000,7045578.28000000,1614988799999,3503862.08933000,16475,3222357.47000000,1600728.88367600
2021-03-06,0.49860000,0.52490000,0.48600000,0.50700000,7931611.31000000,1615075199999,4005038.41630800,19990,3879605.08000000,1962679.60650900
2021-03-07,0.50760000,0.55500000,0.50700000,0.55280000,7738334.42000000,1615161599999,4071842.22469800,21635,3956102.72000000,2084305.54720400
2021-03-08,0.55280000,0.55900000,0.52300000,0.54260000,7238089.02000000,1615247999999,3905892.68616100,21975,3325576.77000000,1795588.33311100
2021-03-09,0.54250000,0.62000000,0.53510000,0.58940000,18142291.27000000,1615334399999,10678898.47756100,45866,9230704.62000000,5444524.55241200
2021-03-10,0.58940000,0.59340000,0.53360000,0.55130000,13561794.84000000,1615420799999,7575886.23670200,34242,6046869.53000000,3380409.86492800
2021-03-11,0.55310000,0.57550000,0.51770000,0.53160000,10723230.08000000,1615507199999,5774189.31385100,24983,5562615.46000000,3007183.89916800
2021-03-12,0.53090000,0.53720000,0.48500000,0.49810000,10308499.34000000,1615593599999,5272784.91094900,26255,4205751.86000000,2152359.52753600
2021-03-13,0.49770000,0.55010000,0.48000000,0.53350000,10212815.15000000,1615679999999,5357082.75470900,26051,5113600.45000000,2694245.24171100
2021-03-14,0.53340000,0.59200000,0.50860000,0.53800000,18982199.12000000,1615766399999,10510920.91855400,43413,9280770.75000000,5150064.07857500
2021-03-15,0.53800000,0.58930000,0.51090000,0.56060000,19661283.46000000,1615852799999,10846581.67592500,44798,9727247.62000000,5381754.23965700
2021-03-16,0.56020000,0.68600000,0.52300000,0.63660000,28193037.53000000,1615939199999,17193399.37408900,64458,14547462.92000000,8895462.90644300
2021-03-17,0.63650000,0.64000000,0.58710000,0.62410000,10864028.68000000,1616025599999,6600534.59247000,28348,5499940.64000000,3342554.63457100
2021-03-18,0.62630000,0.62630000,0.58610000,0.59780000,9000487.90000000,1616111999999,5420417.81163000,25676,4321466.70000000,2605310.93162400
2021-03-19,0.59760000,0.67000000,0.57470000,0.64770000,14141673.62000000,1616198399999,8877636.98152600,41683,7382040.40000000,4648611.17027800
2021-03-20,0.64790000,0.69500000,0.62000000,0.62400000,15249871.25000000,1616284799999,10121554.17847700,47073,7558407.80000000,5025900.88623200
2021-03-21,0.62460000,0.64450000,0.59230000,0.61670000,8265685.01000000,1616371199999,5106833.73530100,24838,3593152.58000000,2223690.82271800
2021-03-22,0.61480000,0.65480000,0.58230000,0.59530000,10468169.93000000,1616457599999,6556863.70224600,31560,5020569.88000000,3149967.07878000
2021-03-23,0.59540000,0.61190000,0.55160000,0.57470000,10644436.73000000,1616543999999,6181179.07286600,27699,5033096.42000000,2923535.12162800
2021-03-24,0.57470000,0.61500000,0.51500000,0.54150000,13235329.73000000,1616630399999,7594056.08443000,33634,6707155.58000000,3856760.19793700
2021-03-25,0.54380000,0.55120000,0.48500000,0.50760000,9826611.90000000,1616716799999,5083735.65770300,25318,4371694.42000000,2260349.99011900
2021-03-26,0.50590000,0.57980000,0.50570000,0.56310000,10325146.17000000,1616803199999,5688938.88194200,25189,5280324.22000000,2911446.53282100
2021-03-27,0.56310000,0.58470000,0.54590000,0.56970000,8231584.96000000,1616889599999,4660372.30202900,21314,4303202.48000000,2439264.75804000
2021-03-28,0.56990000,0.59040000,0.55000000,0.56830000,8226308.06000000,1616975999999,4708786.23604200,22920,3849676.54000000,2206109.61350600
2021-03-29,0.56900000,0.64920000,0.55590000,0.64550000,14906663.39000000,1617062399999,9169456.14346400,42690,8188560.51000000,5044680.77069200
2021-03-30,0.64550000,0.67660000,0.60740000,0.65600000,14888195.13000000,1617148799999,9581334.46531200,41390,7967297.56000000,5128742.79602300
2021-03-31,0.65600000,0.65990000,0.56870000,0.61700000,12828072.55000000,1617235199999,7884569.26591700,33833,6052209.90000000,3722387.37312100
2021-04-01,0.61700000,0.66450000,0.61020000,0.61860000,12365237.72000000,1617321599999,7868344.63761500,32661,6370321.25000000,4055560.57029000
2021-04-02,0.61940000,0.64900000,0.60000000,0.60930000,10533052.07000000,1617407999999,6576700.87465600,30445,5159444.67000000,3225543.84627100
2021-04-03,0.60930000,0.66910000,0.57270000,0.59320000,21342238.62000000,1617494399999,13423846.25918000,50811,10376584.19000000,6549454.67849400
2021-04-04,0.59320000,0.79300000,0.58000000,0.74960000,52813845.64000000,1617580799999,37169301.32799200,125139,28341206.38000000,19954266.10724600
2021-04-05,0.74790000,0.79790000,0.67610000,0.73040000,30073399.95000000,1617667199999,22110615.91272800,87833,14651594.68000000,10797747.19099700
2021-04-06,0.73130000,0.78250000,0.68500000,0.73740000,18436066.13000000,1617753599999,13520431.08097800,50708,8657287.91000000,6363581.46984600
2021-04-07,0.73690000,0.75070000,0.63210000,0.66220000,17111780.21000000,1617839999999,11654183.38476900,45359,8036746.17000000,5471869.38918900
2021-04-08,0.66220000,0.73850000,0.65100000,0.71670000,14508095.00000000,1617926399999,10249913.31000000,39211,7239109.19000000,5121374.69419200
2021-04-09,0.71560000,0.74400000,0.69210000,0.72920000,9885602.70000000,1618012799999,7074977.90949500,27770,5016703.75000000,3595213.25898800
2021-04-10,0.72910000,0.76250000,0.67930000,0.70920000,13190775.95000000,1618099199999,9544607.64908200,36180,6528670.36000000,4737445.81546400
2021-04-11,0.71000000,0.82000000,0.69420000,0.81430000,22085759.13000000,1618185599999,16786455.12359700,63950,11973876.62000000,9132505.20302100
2021-04-12,0.81250000,0.87370000,0.77160000,0.84420000,35454692.82000000,1618271999999,29222623.02729900,109052,18327822.40000000,15149125.88028700
2021-04-13,0.84410000,0.86970000,0.77190000,0.82180000,20652855.38000000,1618358399999,16751251.97758700,67212,9459366.80000000,7690685.62382100
2021-04-14,0.82250000,0.85000000,0.76850000,0.79630000,15163840.91000000,1618444799999,12234156.69832800,51405,7222438.18000000,5839712.41942900
2021-04-15,0.79510000,0.83650000,0.77990000,0.79950000,12061344.88000000,1618531199999,9725356.45881700,39082,5910433.26000000,4770585.49798300
2021-04-16,0.79950000,0.81500000,0.72710000,0.76600000,13966889.12000000,1618617599999,10840057.19598100,45163,6465337.54000000,5024640.68636600
2021-04-17,0.76600000,0.81750000,0.76000000,0.79000000,11949283.02000000,1618703999999,9483954.72586700,39570,5825817.77000000,4627473.26966900
2021-04-18,0.79020000,0.79250000,0.65020000,0.69640000,20329508.14000000,1618790399999,14369637.40620300,51501,9398033.44000000,6630499.17281500
2021-04-19,0.69550000,0.76540000,0.64370000,0.65800000,15010405.98000000,1618876799999,10442512.79532300,40893,7251560.01000000,5057565.26504700
2021-04-20,0.65810000,0.72130000,0.60000000,0.70970000,15761871.76000000,1618963199999,10467330.83302000,44228,7604376.27000000,5048772.72768100
2021-04-21,0.71040000,0.76000000,0.64880000,0.65950000,14451185.64000000,1619049599999,10065435.85773400,40670,6930807.72000000,4842536.08006200
2021-04-22,0.65830000,0.70770000,0.60020000,0.61950000,14515765.42000000,1619135999999,9573303.69184900,40033,7265964.94000000,4806028.87593800
2021-04-23,0.61910000,0.63000000,0.49700000,0.58500000,16805623.22000000,1619222399999,9314257.56090700,34156,7857582.11000000,4368142.84941700
2021-04-24,0.58490000,0.59850000,0.52900000,0.54350000,7180744.59000000,1619308799999,4021710.08651700,16817,3455579.97000000,1938087.40237200
2021-04-25,0.54350000,0.59880000,0.51060000,0.54800000,7229050.64000000,1619395199999,4019637.15659300,18903,3522951.98000000,1962364.89070900
2021-04-26,0.54880000,0.70000000,0.53470000,0.65040000,19358555.43000000,1619481599999,12261424.00596200,54730,10220703.29000000,6476013.35554700
2021-04-27,0.65180000,0.69000000,0.63240000,0.66640000,7640591.11000000,1619567999999,5030708.86829100,28561,3944792.53000000,2599304.96222900
2021-04-28,0.66660000,0.67900000,0.59600000,0.62530000,8963718.54000000,1619654399999,5656942.34279300,28437,4312278.61000000,2720015.12226700
2021-04-29,0.62650000,0.69000000,0.61000000,0.63850000,13247942.39000000,1619740799999,8542988.70822200,34026,6315271.25000000,4075479.78945900
2021-04-30,0.63930000,0.68910000,0.62920000,0.68350000,10317418.66000000,1619827199999,6840566.55398100,33400,5092786.26000000,3379123.02686100
2021-05-01,0.68490000,0.86940000,0.66070000,0.74680000,51509067.08000000,1619913599999,40034284.05069600,127750,27280834.65000000,21245014.69102800
2021-05-02,0.74680000,1.16960000,0.74010000,1.08190000,207003108.69000000,1619999999999,205061217.71417800,505680,108477810.92000000,107434562.98849300
2021-05-03,1.08360000,1.31930000,1.01680000,1.07190000,139665707.07000000,1620086399999,163979857.87937900,393103,69900385.22000000,82217752.59374900
2021-05-04,1.07190000,1.18000000,0.93230000,0.94980000,62857527.79000000,1620172799999,65785539.66987300,171283,31009857.32000000,32500162.75978000
2021-05-05,0.95060000,1.09350000,0.94520000,0.99370000,32572315.18000000,1620259199999,33044045.65504800,100899,16479085.96000000,16712919.52090300
2021-05-06,0.99520000,1.01360000,0.91000000,0.94400000,27445091.45000000,1620345599999,26384228.94474600,81462,13083332.90000000,12590196.17440900
2021-05-07,0.94450000,1.07900000,0.89340000,0.95320000,32723806.31000000,1620431999999,32118957.61110600,97374,16512320.18000000,16238594.04464700
2021-05-08,0.95160000,1.03460000,0.93790000,0.96600000,19218848.41000000,1620518399999,18903171.33681400,61386,9412505.38000000,9271559.17528000
2021-05-09,0.96870000,0.97270000,0.90900000,0.93490000,12180898.41000000,1620604799999,11417379.28608900,40274,5620036.84000000,5271976.89435100
2021-05-10,0.93510000,0.99970000,0.82700000,0.90660000,22455445.74000000,1620691199999,21007564.45210100,68293,10274744.80000000,9640428.65822200
2021-05-11,0.90510000,0.97500000,0.86100000,0.97170000,12787774.22000000,1620777599999,11651194.73835200,42968,6313408.21000000,5774192.19765400
2021-05-12,0.97170000,1.15000000,0.85000000,0.86760000,42789572.93000000,1620863999999,43509875.90067900,134269,21818608.66000000,22329079.92378600
2021-05-13,0.86430000,0.98100000,0.74300000,0.80330000,32580534.43000000,1620950399999,27420395.18762900,85091,14640803.38000000,12370427.02619500
2021-05-14,0.80320000,0.96000000,0.79510000,0.86810000,20036929.78000000,1621036799999,17395332.46170000,57076,9724993.94000000,8441305.47448400
2021-05-15,0.86800000,0.93000000,0.75000000,0.78540000,17398399.57000000,1621123199999,14546559.03294200,47876,7987864.32000000,6687908.39008800
2021-05-16,0.78600000,0.86360000,0.71860000,0.79250000,13930021.05000000,1621209599999,11061973.23347800,40835,6621689.31000000,5271327.14002600
2021-05-17,0.79370000,0.79530000,0.68880000,0.72640000,13901015.61000000,1621295999999,10301520.31905500,38605,6327598.47000000,4695087.49606500
2021-05-18,0.72700000,0.82300000,0.71190000,0.74710000,14330915.10000000,1621382399999,10991199.70527900,39357,7108293.86000000,5450883.65765000
2021-05-19,0.74830000,0.76120000,0.40680000,0.50000000,35790581.95000000,1621468799999,21318031.22756800,69102,15632585.81000000,9303059.58674200
2021-05-20,0.50000000,0.66310000,0.44890000,0.58660000,19467139.34000000,1621555199999,11000552.82233100,40990,9280874.81000000,5253512.37426600
2021-05-21,0.58360000,0.65650000,0.44310000,0.54100000,19026776.52000000,1621641599999,10514735.52684900,35685,8584630.15000000,4746663.24219400
2021-05-22,0.54010000,0.59000000,0.47760000,0.48020000,16349118.73000000,1621727999999,8614789.83189500,26341,7882547.22000000,4164192.67352200
2021-05-23,0.48180000,0.55000000,0.33000000,0.41850000,28721996.26000000,1621814399999,12131831.05738000,39257,12863931.75000000,5433623.66647000
2021-05-24,0.41810000,0.53940000,0.41100000,0.53090000,17476689.19000000,1621900799999,8324200.65807100,33175,8748100.15000000,4159033.38442500
2021-05-25,0.53240000,0.56760000,0.46200000,0.51620000,17248170.18000000,1621987199999,8606654.95279100,31621,7559393.74000000,3767515.95544100
2021-05-26,0.51720000,0.64160000,0.50420000,0.61000000,20247018.25000000,1622073599999,11713729.09990300,40222,9424594.99000000,5443581.61212100
2021-05-27,0.61000000,0.63000000,0.53700000,0.57520000,13504595.92000000,1622159999999,7926687.86816300,33440,6566599.49000000,3860847.31672400
2021-05-28,0.57380000,0.58940000,0.48100000,0.51750000,10161071.77000000,1622246399999,5325621.66334100,19959,4138229.41000000,2167489.13892000
2021-05-29,0.51740000,0.58000000,0.46330000,0.48260000,11526245.28000000,1622332799999,5839509.37756100,22571,5420173.96000000,2758940.20580800
2021-05-30,0.48370000,0.53880000,0.46130000,0.51070000,6515322.23000000,1622419199999,3355834.29127800,14575,3088036.29000000,1593128.67148300
2021-05-31,0.50950000,0.54370000,0.48780000,0.52060000,9482376.81000000,1622505599999,4904568.53028000,26153,4307781.67000000,2231432.42022100
2021-06-01,0.52040000,0.57000000,0.49050000,0.49920000,20901808.32000000,1622591999999,10811699.27468500,47591,9779429.65000000,5082253.68152700
2021-06-02,0.49840000,0.69770000,0.48210000,0.52280000,41604789.23000000,1622678399999,23231495.05707500,89469,20421136.44000000,11499499.73164500
2021-06-03,0.52290000,0.56680000,0.51390000,0.53090000,27438809.82000000,1622764799999,14631708.04404700,58493,12076621.31000000,6446282.40921600
2021-06-04,0.53110000,0.53360000,0.44580000,0.45300000,25198875.10000000,1622851199999,11872510.29555000,57788,10774890.20000000,5067048.17635600
2021-06-05,0.45300000,0.48720000,0.40610000,0.41940000,24309466.92000000,1622937599999,10849068.37799500,56120,10324871.48000000,4615279.25222500
2021-06-06,0.41940000,0.45900000,0.35650000,0.38590000,61215185.60000000,1623023999999,25338992.46357300,97930,25633830.13000000,10644708.49039400
2021-06-07,0.38590000,0.40880000,0.34000000,0.34310000,76628445.35000000,1623110399999,29508982.83867100,117437,33723493.10000000,13002751.70665400
2021-06-08,0.34260000,0.35410000,0.27550000,0.32070000,127875229.64000000,1623196799999,39402244.53063300,133357,55636900.89000000,17171215.91383100
2021-06-09,0.32070000,0.37000000,0.29350000,0.36230000,81631887.78000000,1623283199999,27555140.45353400,84600,40205883.05000000,13616714.28828400
2021-06-10,0.36170000,0.36430000,0.33330000,0.33780000,34411174.89000000,1623369599999,11983299.31799900,41784,17568028.76000000,6133257.89427300
2021-06-11,0.33800000,0.40350000,0.32500000,0.35160000,56205570.17000000,1623455999999,20779327.39450300,57736,30649258.70000000,11380841.08769200
2021-06-12,0.35110000,0.37410000,0.32010000,0.35100000,27392179.92000000,1623542399999,9532363.32442400,34683,13685839.67000000,4771492.65382300
2021-06-13,0.35050000,0.37500000,0.33810000,0.37030000,19580858.85000000,1623628799999,6953558.90673600,22707,9581281.88000000,3412075.56717600
2021-06-14,0.37100000,0.39710000,0.35950000,0.38840000,20194062.22000000,1623715199999,7531159.66850700,26132,10178510.37000000,3805876.00518400
2021-06-15,0.38820000,0.39070000,0.37060000,0.37260000,17298141.17000000,1623801599999,6591515.79335000,19993,8356695.62000000,3188124.42072700
2021-06-16,0.37300000,0.37990000,0.35030000,0.35530000,13894073.20000000,1623887999999,5043677.65435000,17608,6733235.68000000,2444197.31593800
2021-06-17,0.35450000,0.37590000,0.34110000,0.34800000,12711089.71000000,1623974399999,4588158.33342200,18007,6123198.30000000,2212198.92318500
2021-06-18,0.34850000,0.35770000,0.31750000,0.32830000,14868576.29000000,1624060799999,4982365.88711900,20446,6917140.40000000,2322953.29076700
2021-06-19,0.32870000,0.34300000,0.31850000,0.32720000,10568930.88000000,1624147199999,3504315.38725300,14589,5003722.31000000,1659425.03906900
2021-06-20,0.32740000,0.33310000,0.29730000,0.32950000,14804218.09000000,1624233599999,4659138.47949100,18062,7514802.06000000,2370406.29583100
2021-06-21,0.32950000,0.33330000,0.26070000,0.26470000,22968237.95000000,1624319999999,6773667.71045400,25826,10187389.60000000,3005454.01844400
2021-06-22,0.26480000,0.31660000,0.23000000,0.27450000,34923393.90000000,1624406399999,9384398.99499900,39343,16893682.66000000,4555282.35335200
2021-06-23,0.27510000,0.32190000,0.26620000,0.30150000,17522888.40000000,1624492799999,5271696.30899400,21477,9370254.02000000,2825926.05467800
2021-06-24,0.30150000,0.32390000,0.28000000,0.31180000,13582845.95000000,1624579199999,4138710.86454000,16928,6582765.93000000,2007370.14373700
2021-06-25,0.31180000,0.32020000,0.27000000,0.27330000,18118388.81000000,1624665599999,5283197.36172200,21285,8506693.44000000,2484361.11819300
2021-06-26,0.27240000,0.28210000,0.25500000,0.27920000,15173408.87000000,1624751999999,4085597.74849600,16710,7628660.32000000,2054100.73205300
2021-06-27,0.27980000,0.30000000,0.27500000,0.29570000,12215597.29000000,1624838399999,3506577.78378300,14474,6039006.38000000,1734574.87839700
2021-06-28,0.29650000,0.33300000,0.29140000,0.32100000,22674840.53000000,1624924799999,7060459.94414100,25189,11292009.95000000,3518378.60924400
2021-06-29,0.32120000,0.35050000,0.31960000,0.33250000,21308682.60000000,1625011199999,7145150.92066600,23509,10914722.09000000,3661066.92710000
2021-06-30,0.33310000,0.33690000,0.29810000,0.33170000,14762212.65000000,1625097599999,4692385.87688900,18139,6841999.65000000,2182733.13484000
2021-07-01,0.33100000,0.33170000,0.30090000,0.31420000,14414768.90000000,1625183999999,4502621.11234400,15205,6704895.77000000,2094381.73290700
2021-07-02,0.31340000,0.32000000,0.30180000,0.31600000,6320716.27000000,1625270399999,1959249.08639000,8695,3258963.57000000,1011854.23645800
2021-07-03,0.31430000,0.34110000,0.31000000,0.33580000,9767717.59000000,1625356799999,3213531.79134000,13179,4930531.57000000,1619738.22335600
2021-07-04,0.33630000,0.35500000,0.33010000,0.33790000,12059391.04000000,1625443199999,4134893.50342000,19216,5942332.80000000,2038878.31108300
2021-07-05,0.33710000,0.34030000,0.31700000,0.32960000,9311217.91000000,1625529599999,3061442.42906000,15505,4648298.93000000,1529689.46291700
2021-07-06,0.33000000,0.35200000,0.32870000,0.34190000,12330475.64000000,1625615999999,4192539.26585800,16663,6386180.73000000,2174285.07195700
2021-07-07,0.34280000,0.35770000,0.33990000,0.34040000,11345121.15000000,1625702399999,3954465.40857100,15663,5416731.32000000,1890232.66354400
2021-07-08,0.34040000,0.34530000,0.31200000,0.31740000,11587248.39000000,1625788799999,3838287.31483600,15115,4755239.97000000,1574017.70574100
2021-07-09,0.31740000,0.33100000,0.30640000,0.32680000,5857247.16000000,1625875199999,1860235.22968300,8731,2888054.71000000,919246.80972800
2021-07-10,0.32680000,0.33480000,0.31260000,0.31860000,5767958.96000000,1625961599999,1852452.89948800,7632,3022331.66000000,971266.22768000
2021-07-11,0.31860000,0.33390000,0.31730000,0.32510000,6065362.21000000,1626047999999,1974363.21236000,8304,2847676.93000000,926940.14051500
2021-07-12,0.32500000,0.33480000,0.30630000,0.31730000,5296073.06000000,1626134399999,1692283.57515500,8575,2225727.17000000,712006.54431400
2021-07-13,0.31660000,0.33520000,0.30930000,0.33110000,10653180.83000000,1626220799999,3453003.53430300,15484,5167857.44000000,1677523.38940800
2021-07-14,0.33100000,0.33130000,0.30210000,0.32310000,10455291.29000000,1626307199999,3318722.64105000,16191,4847499.32000000,1540768.04611200
2021-07-15,0.32260000,0.35820000,0.31700000,0.34380000,29721528.90000000,1626393599999,9998045.44190000,35189,14565711.38000000,4911988.77525400
2021-07-16,0.34430000,0.37770000,0.31840000,0.32190000,25736974.35000000,1626479999999,8822100.90364900,34500,12427925.16000000,4272933.34980900
2021-07-17,0.32110000,0.32660000,0.30340000,0.30970000,7079485.60000000,1626566399999,2204087.73437000,12455,3389283.97000000,1055873.34491300
2021-07-18,0.30910000,0.32240000,0.30700000,0.30920000,5758435.45000000,1626652799999,1805440.22524700,9257,2883244.69000000,904941.25874400
2021-07-19,0.30920000,0.30930000,0.28010000,0.28440000,6501401.62000000,1626739199999,1900379.15625900,11035,2591859.15000000,756671.34461100
2021-07-20,0.28440000,0.28950000,0.25820000,0.26840000,8194659.18000000,1626825599999,2197341.24723800,12685,3705351.44000000,993607.96432100
2021-07-21,0.26740000,0.31210000,0.26260000,0.29590000,9980738.20000000,1626911999999,2930232.06051600,15254,5044825.29000000,1476645.85841000
2021-07-22,0.29520000,0.31110000,0.29240000,0.30270000,6742547.02000000,1626998399999,2045774.13168400,11570,3202877.43000000,972350.47313200
2021-07-23,0.30350000,0.31780000,0.29350000,0.31150000,7176989.32000000,1627084799999,2187854.27301500,11508,3551590.91000000,1082508.47197400
2021-07-24,0.31220000,0.33060000,0.30520000,0.31680000,11428267.42000000,1627171199999,3639070.79376400,17764,5888419.04000000,1876122.08207800
2021-07-25,0.31760000,0.33660000,0.30420000,0.32860000,10814653.19000000,1627257599999,3483214.29362500,16289,5331319.15000000,1722417.05760900
2021-07-26,0.32810000,0.35750000,0.32360000,0.32510000,19762979.63000000,1627343999999,6793638.23355100,28683,9944068.57000000,3424316.88615200
2021-07-27,0.32510000,0.33910000,0.32110000,0.33610000,10735282.04000000,1627430399999,3546202.17431300,13860,5312516.36000000,1755087.86832700
2021-07-28,0.33440000,0.34130000,0.32550000,0.33210000,9371233.11000000,1627516799999,3122038.72623700,11612,4334100.91000000,1444079.57080600
2021-07-29,0.33200000,0.35400000,0.32750000,0.35130000,10092870.36000000,1627603199999,3432864.27757300,14508,4979121.60000000,1696890.60331900
2021-07-30,0.35190000,0.37670000,0.33400000,0.37470000,14515867.86000000,1627689599999,5136833.23489200,22735,7330185.32000000,2597649.40749500
2021-07-31,0.37410000,0.39800000,0.35400000,0.39200000,17304982.13000000,1627775999999,6559773.13794000,29118,8486338.77000000,3217733.63460100
2021-08-01,0.39200000,0.41000000,0.35890000,0.36430000,19186627.02000000,1627862399999,7470475.51484500,30573,10059942.66000000,3924433.77200500
2021-08-02,0.36410000,0.41860000,0.35530000,0.39190000,27908879.78000000,1627948799999,10946190.62034900,41978,13792826.02000000,5416020.01196900
2021-08-03,0.39240000,0.44300000,0.38000000,0.42860000,29171019.14000000,1628035199999,11902097.93892200,45357,14622317.57000000,5971695.97044500
2021-08-04,0.42890000,0.49000000,0.40850000,0.46950000,41161951.34000000,1628121599999,18610663.21467100,68947,20925979.84000000,9477850.26989200
2021-08-05,0.46960000,0.54510000,0.46000000,0.49730000,51326159.08000000,1628207999999,26076537.54160800,95826,24528178.03000000,12471573.37888000
2021-08-06,0.49680000,0.51710000,0.47950000,0.49950000,22749938.66000000,1628294399999,11365747.05176200,43920,11015536.27000000,5506393.17676200
2021-08-07,0.49960000,0.52000000,0.46770000,0.48400000,21038293.70000000,1628380799999,10445314.80088100,39937,10785418.41000000,5354848.48323400
2021-08-08,0.48330000,0.49550000,0.44700000,0.45870000,14176800.32000000,1628467199999,6671766.47165300,27762,6599530.69000000,3109239.35438700
2021-08-09,0.45870000,0.49960000,0.45000000,0.48030000,14231677.75000000,1628553599999,6827766.57560700,29091,7101813.19000000,3411227.29502000
2021-08-10,0.48000000,0.54670000,0.46460000,0.50160000,24824114.36000000,1628639999999,12435383.34484200,42299,12580050.40000000,6308085.00153600
2021-08-11,0.50080000,0.54800000,0.50040000,0.50580000,28125391.22000000,1628726399999,14805181.58055300,51896,14334326.06000000,7556794.77350700
2021-08-12,0.50530000,0.52400000,0.47020000,0.48750000,17381819.02000000,1628812799999,8565771.93630600,33369,8756433.88000000,4318324.63449300
2021-08-13,0.48790000,0.52800000,0.48510000,0.52120000,11651324.94000000,1628899199999,5988708.16840100,21710,6271268.90000000,3223739.45975900
2021-08-14,0.52160000,0.67660000,0.49440000,0.61620000,76803957.23000000,1628985599999,46095560.98135800,112870,39589031.34000000,23752047.37105800
2021-08-15,0.61590000,0.76500000,0.59700000,0.66880000,157592137.93000000,1629071999999,108439505.83690000,281628,79174490.45000000,54556620.07609200
2021-08-16,0.66910000,0.74420000,0.65790000,0.70830000,52594200.46000000,1629158399999,37233733.04525400,116468,26567716.47000000,18818043.35988400
2021-08-17,0.70860000,0.84480000,0.69510000,0.75890000,88521981.39000000,1629244799999,69218568.83376800,188242,44728298.57000000,34970043.25433300
2021-08-18,0.75890000,0.81240000,0.71030000,0.74000000,40489652.48000000,1629331199999,30848900.49908900,94510,20427501.41000000,15569956.03734800
2021-08-19,0.74190000,0.81490000,0.72040000,0.81180000,30727243.41000000,1629417599999,23549824.98812300,74410,16253969.59000000,12475629.36338200
2021-08-20,0.81180000,0.85500000,0.76700000,0.80960000,29998364.98000000,1629503999999,24312487.25710300,76250,15651228.29000000,12705036.79521500
2021-08-21,0.80960000,0.88350000,0.78720000,0.83330000,40900184.30000000,1629590399999,34280774.18577700,93197,21959586.77000000,18417067.95879100
2021-08-22,0.83350000,0.97000000,0.83200000,0.94060000,55189271.64000000,1629676799999,50891628.76348700,150470,28532613.50000000,26321907.11161800
2021-08-23,0.94010000,0.99000000,0.90570000,0.92440000,28485895.16000000,1629763199999,26897221.58648900,86461,14351203.63000000,13572695.82850900
2021-08-24,0.92320000,0.98000000,0.83780000,0.89770000,39219794.60000000,1629849599999,36170576.40349800,104383,18209865.97000000,16821621.08614100
2021-08-25,0.89770000,0.97000000,0.87520000,0.94400000,33021027.61000000,1629935999999,30769033.28528900,83462,16543168.70000000,15418958.53973100
2021-08-26,0.94430000,0.95720000,0.84220000,0.84370000,21228210.57000000,1630022399999,19107090.67471900,56138,9848185.19000000,8883330.53827700
2021-08-27,0.84350000,0.91770000,0.80000000,0.89920000,19671355.79000000,1630108799999,17101306.21889500,51175,9591455.51000000,8357027.28571400
2021-08-28,0.89570000,0.91000000,0.86020000,0.88270000,14489034.00000000,1630195199999,12835782.91380000,41471,7283641.00000000,6456271.79690000
2021-08-29,0.88360000,0.94250000,0.87420000,0.89770000,15261592.74000000,1630281599999,13862645.64610500,37768,7644069.54000000,6951145.50373000
2021-08-30,0.89710000,0.90250000,0.84450000,0.85800000,12694991.00000000,1630367999999,11164034.80290000,35421,5395763.00000000,4751845.11640000
2021-08-31,0.85780000,0.90750000,0.84580000,0.87790000,15807849.00000000,1630454399999,13868434.49880000,44852,7677694.00000000,6739492.27550000
2021-09-01,0.87720000,1.08530000,0.86090000,1.05070000,69423471.70000000,1630540799999,69937643.24208500,166159,36054956.26000000,36261253.24166400
2021-09-02,1.04940000,1.17300000,1.02170000,1.06670000,57003119.21000000,1630627199999,63038696.11587400,161713,28948366.26000000,32057856.94880700
2021-09-03,1.06770000,1.26790000,1.05500000,1.20190000,46567496.54000000,1630713599999,53935250.34942800,136884,24203251.00000000,28040988.78073200
2021-09-04,1.20450000,1.54220000,1.19460000,1.51650000,98053727.99000000,1630799999999,135448384.23731800,310331,51253091.87000000,70811550.69584700
2021-09-05,1.51800000,1.65000000,1.41780000,1.52070000,90483230.70000000,1630886399999,137738919.20108800,274351,44602681.35000000,68051947.99864400
2021-09-06,1.52260000,1.53740000,1.31360000,1.39440000,43669144.00000000,1630972799999,62136148.72550000,135975,20328537.00000000,28917132.50290000
2021-09-07,1.39440000,1.55000000,0.95000000,1.16110000,76241845.00000000,1631059199999,98505653.59730000,224377,37250873.00000000,48315097.02780000
2021-09-08,1.16080000,1.53000000,1.12630000,1.32460000,75142880.00000000,1631145599999,99731397.68510000,228820,39234456.00000000,52247787.74620000
2021-09-09,1.32390000,1.38500000,1.24200000,1.27640000,30746256.00000000,1631231999999,40346422.44010000,95235,15002503.00000000,19695997.94570000
2021-09-10,1.27560000,1.30790000,1.11310000,1.15000000,26426335.00000000,1631318399999,31611944.48450000,80757,12729749.00000000,15232527.71970000
2021-09-11,1.14940000,1.27520000,1.12500000,1.17570000,19964744.00000000,1631404799999,23880372.09020000,61641,9911030.00000000,11876099.60550000
2021-09-12,1.17570000,1.25740000,1.13790000,1.20230000,17744111.00000000,1631491199999,21291015.10850000,56658,8647955.00000000,10383810.29110000
2021-09-13,1.20240000,1.21570000,1.11020000,1.14370000,24795736.00000000,1631577599999,28621594.16780000,74227,12161344.00000000,14036668.42630000
2021-09-14,1.14460000,1.39700000,1.13710000,1.31440000,41089673.00000000,1631663999999,52577055.28560000,120541,21256928.00000000,27225039.37110000
2021-09-15,1.31440000,1.36630000,1.27750000,1.31210000,17309809.00000000,1631750399999,22903374.03780000,58670,7816658.00000000,10349781.07120000
2021-09-16,1.31320000,1.33490000,1.19870000,1.23970000,17285684.00000000,1631836799999,21979873.39350000,55349,8288820.00000000,10545525.74840000
2021-09-17,1.23790000,1.26990000,1.16000000,1.18640000,13179900.00000000,1631923199999,15946518.97620000,43462,6333211.00000000,7662232.13780000
2021-09-18,1.18650000,1.26500000,1.16900000,1.20190000,13236168.00000000,1632009599999,16048713.78580000,37868,6463137.00000000,7840320.72990000
2021-09-19,1.20190000,1.20970000,1.12840000,1.15480000,9867468.00000000,1632095999999,11549743.05390000,29022,4449941.00000000,5212906.13930000
2021-09-20,1.15480000,1.16400000,0.91000000,0.94650000,36086067.00000000,1632182399999,36425277.49440000,88499,17738871.00000000,17916655.63990000
2021-09-21,0.94650000,1.11300000,0.88300000,1.00270000,40844681.00000000,1632268799999,41313438.96460000,96442,20422608.00000000,20699001.15340000
2021-09-22,1.00600000,1.17000000,0.99020000,1.13180000,29003019.00000000,1632355199999,31089548.82010000,73573,14666425.00000000,15717433.04590000
2021-09-23,1.13180000,1.15350000,1.07000000,1.11370000,15668756.00000000,1632441599999,17430604.61390000,42237,7412290.00000000,8251568.37830000
2021-09-24,1.11360000,1.11710000,0.98720000,1.03500000,21414141.00000000,1632527999999,22232378.35570000,54342,10116733.00000000,10503141.08830000
2021-09-25,1.03480000,1.06940000,0.98390000,0.99850000,12403809.00000000,1632614399999,12642312.78800000,33221,5948128.00000000,6066593.88850000
2021-09-26,0.99850000,1.03980000,0.91000000,0.99010000,17590758.00000000,1632700799999,17223617.87360000,42867,8571483.00000000,8395365.03440000
2021-09-27,0.98890000,1.04190000,0.93160000,0.93180000,13261706.00000000,1632787199999,13163765.73130000,35834,6361309.00000000,6313933.27680000
2021-09-28,0.93230000,0.98340000,0.89050000,0.90870000,14703542.00000000,1632873599999,13662922.81300000,38503,6908324.00000000,6429628.05000000
2021-09-29,0.90850000,1.03740000,0.90750000,0.94610000,15964654.00000000,1632959999999,15345406.03290000,44752,7866467.00000000,7570123.40780000
2021-09-30,0.94590000,1.00300000,0.92700000,0.98380000,14338701.00000000,1633046399999,13890479.23100000,36223,6982926.00000000,6765985.69320000
2021-10-01,0.98460000,1.08500000,0.96670000,1.07260000,22393485.00000000,1633132799999,23168303.99520000,53521,11296150.00000000,11681435.19530000
2021-10-02,1.07310000,1.15900000,1.03440000,1.07360000,17555515.00000000,1633219199999,19268824.81100000,48522,8700479.00000000,9558827.84940000
2021-10-03,1.07240000,1.12190000,1.06100000,1.06700000,11874279.00000000,1633305599999,12983052.68410000,35496,5867422.00000000,6418736.07420000
2021-10-04,1.06690000,1.06810000,1.01180000,1.03530000,15783930.00000000,1633391999999,16399384.08960000,40872,7471209.00000000,7771620.10130000
2021-10-05,1.03580000,1.08800000,1.01600000,1.04800000,17170675.00000000,1633478399999,18014088.02260000,44282,8422925.00000000,8840003.11020000
2021-10-06,1.04850000,1.10710000,0.97060000,1.05350000,22517104.00000000,1633564799999,23393576.65080000,60240,11153583.00000000,11577628.12840000
2021-10-07,1.05470000,1.08190000,1.00920000,1.02830000,13733876.00000000,1633651199999,14218312.10970000,40669,6539780.00000000,6777068.18890000
2021-10-08,1.02990000,1.06000000,1.00830000,1.01620000,10966908.00000000,1633737599999,11326993.55840000,31412,5088601.00000000,5261052.40270000
2021-10-09,1.01750000,1.03430000,0.99260000,1.00760000,9630091.00000000,1633823999999,9756003.90300000,26394,4715741.00000000,4779773.33150000
2021-10-10,1.00760000,1.04000000,0.96390000,0.99550000,10209834.00000000,1633910399999,10277085.26180000,28880,4784082.00000000,4820954.48740000
2021-10-11,0.99620000,1.11050000,0.97040000,1.01590000,25381983.00000000,1633996799999,26234120.51540000,67209,12772232.00000000,13229505.48520000
2021-10-12,1.01720000,1.06580000,0.93690000,1.01620000,19770379.00000000,1634083199999,19803397.10140000,53504,9384298.00000000,9412219.20190000
2021-10-13,1.01800000,1.44590000,0.99170000,1.28710000,145385751.00000000,1634169599999,179149964.22790000,339452,75126618.00000000,92660291.99550000
2021-10-14,1.28860000,1.42960000,1.17240000,1.19030000,57178343.00000000,1634255999999,72773054.63700000,153522,28275417.00000000,36120805.66220000
2021-10-15,1.19160000,1.20210000,1.10980000,1.13390000,22776507.00000000,1634342399999,26202825.43270000,65645,10865939.00000000,12504408.89910000
2021-10-16,1.13550000,1.19370000,1.11960000,1.12750000,12954682.00000000,1634428799999,14866748.56030000,37974,6115822.00000000,7029095.95890000
2021-10-17,1.12820000,1.17260000,1.04300000,1.09500000,11853159.00000000,1634515199999,13142758.06510000,38744,5474518.00000000,6074006.36870000
2021-10-18,1.09430000,1.12880000,1.06630000,1.09280000,10126475.00000000,1634601599999,11092593.43430000,30628,5094786.00000000,5580924.06890000
2021-10-19,1.09280000,1.16500000,1.08000000,1.09530000,10074338.00000000,1634687999999,11210544.66770000,34488,4770312.00000000,5319298.65560000
2021-10-20,1.09670000,1.13610000,1.04900000,1.12190000,12557479.00000000,1634774399999,13764038.61560000,37008,6240031.00000000,6849583.46490000
2021-10-21,1.12190000,1.13500000,1.06500000,1.07680000,9959257.00000000,1634860799999,10988627.31480000,34642,4761964.00000000,5256176.80470000
2021-10-22,1.07700000,1.16000000,1.07700000,1.10540000,11815015.00000000,1634947199999,13160863.35080000,34178,6006931.00000000,6696485.49690000
2021-10-23,1.10520000,1.11290000,1.07280000,1.08460000,5715186.00000000,1635033599999,6228659.76530000,18267,2530367.00000000,2759811.48640000
2021-10-24,1.08330000,1.09200000,1.03170000,1.04730000,7003260.00000000,1635119999999,7436501.45260000,24270,3149090.00000000,3343760.30310000
2021-10-25,1.04650000,1.13000000,1.04610000,1.10100000,9950062.00000000,1635206399999,10898962.81020000,30180,4999028.00000000,5483028.67250000
2021-10-26,1.10090000,1.13360000,1.08000000,1.08210000,11801829.00000000,1635292799999,13020560.29170000,32694,5387546.00000000,5954424.59270000
2021-10-27,1.08230000,1.11100000,0.98210000,1.03830000,13110956.00000000,1635379199999,13568460.38890000,42693,6261537.00000000,6478338.93600000
2021-10-28,1.03790000,1.04400000,0.97290000,1.01870000,12275408.00000000,1635465599999,12450299.52460000,36024,5835933.00000000,5917749.89170000
2021-10-29,1.01870000,1.06270000,1.00950000,1.03150000,11646509.00000000,1635551999999,12080604.76810000,33854,5723751.00000000,5939446.75100000
2021-10-30,1.03130000,1.12500000,1.00000000,1.06350000,18876748.00000000,1635638399999,19723218.45100000,58246,9310983.00000000,9756227.48610000
2021-10-31,1.06580000,1.13000000,1.01100000,1.04010000,22926346.00000000,1635724799999,24241553.29610000,65796,10886890.00000000,11524294.12930000
2021-11-01,1.04010000,1.07400000,1.02520000,1.04770000,12535499.00000000,1635811199999,13193603.68600000,38144,6050267.00000000,6371073.44620000
2021-11-02,1.04770000,1.20000000,1.03860000,1.19460000,35833863.00000000,1635897599999,40427059.11920000,101362,18207310.00000000,20585991.55320000
2021-11-03,1.19530000,1.30000000,1.13310000,1.24030000,43737645.00000000,1635983999999,53424052.11380000,143963,22166731.00000000,27126203.85510000
2021-11-04,1.24070000,1.27630000,1.12410000,1.14260000,21896487.00000000,1636070399999,25801299.43360000,69104,10017672.00000000,11804079.76510000
2021-11-05,1.14230000,1.20500000,1.12480000,1.14150000,15077666.00000000,1636156799999,17471306.69520000,50938,7193818.00000000,8350473.05300000
2021-11-06,1.14160000,1.16800000,1.10020000,1.13960000,11129592.00000000,1636243199999,12624737.04070000,33078,5361661.00000000,6090144.72640000
2021-11-07,1.13920000,1.17000000,1.11850000,1.12250000,8580706.00000000,1636329599999,9810248.91790000,26879,3959604.00000000,4531012.53190000
2021-11-08,1.12390000,1.16660000,1.11600000,1.13980000,10260342.00000000,1636415999999,11666092.00920000,28338,5024777.00000000,5717328.27720000
2021-11-09,1.13990000,1.22900000,1.13370000,1.16680000,19731982.00000000,1636502399999,23362042.21180000,55269,9691790.00000000,11482036.08040000
2021-11-10,1.16920000,1.22730000,1.04870000,1.13090000,23096870.00000000,1636588799999,26742272.03030000,61040,10648595.00000000,12347797.38260000
2021-11-11,1.13090000,1.36470000,1.11000000,1.32580000,49126014.00000000,1636675199999,62130731.39480000,138122,24999831.00000000,31630986.97870000
2021-11-12,1.32410000,1.37550000,1.17540000,1.27400000,34178117.00000000,1636761599999,43332084.37290000,97777,16061903.00000000,20404805.43870000
2021-11-13,1.27530000,1.35010000,1.22880000,1.30130000,19324828.00000000,1636847999999,24790678.32540000,54758,9656810.00000000,12403819.25440000
2021-11-14,1.29960000,1.37120000,1.23620000,1.25940000,17824011.00000000,1636934399999,23099164.76450000,49262,8274717.00000000,10740627.85450000
2021-11-15,1.25970000,1.31450000,1.18220000,1.19230000,15887784.00000000,1637020799999,19790475.65000000,47575,7375184.00000000,9191684.38850000
2021-11-16,1.19300000,1.24900000,1.07370000,1.17740000,30336195.00000000,1637107199999,35524752.42730000,82714,14911364.00000000,17512722.92780000
2021-11-17,1.17820000,1.22500000,1.15530000,1.17930000,17359461.00000000,1637193599999,20657303.17080000,52698,8288051.00000000,9871329.54300000
2021-11-18,1.17930000,1.19070000,1.05000000,1.08810000,15749768.00000000,1637279999999,17672337.74670000,45625,7347397.00000000,8252070.69470000
2021-11-19,1.08700000,1.18330000,1.05850000,1.15270000,11771966.00000000,1637366399999,13272322.94330000,35603,5775729.00000000,6515993.69130000
2021-11-20,1.15240000,1.23000000,1.12780000,1.19050000,16361962.00000000,1637452799999,19239035.24910000,47752,7955277.00000000,9356448.60000000
2021-11-21,1.19070000,1.22720000,1.16330000,1.16830000,12891662.00000000,1637539199999,15444803.22550000,39140,6418238.00000000,7696197.47700000
2021-11-22,1.16830000,1.17440000,1.09240000,1.10390000,13845757.00000000,1637625599999,15621187.64630000,40379,6595607.00000000,7445899.05350000
2021-11-23,1.10390000,1.21000000,1.09380000,1.18060000,16547927.00000000,1637711999999,19098359.76660000,47783,8362126.00000000,9657197.67900000
2021-11-24,1.18040000,1.20000000,1.12920000,1.13720000,13314485.00000000,1637798399999,15427488.97460000,39528,6287477.00000000,7290220.74590000
2021-11-25,1.13720000,1.21000000,1.12920000,1.15420000,14289579.00000000,1637884799999,16737202.40480000,44496,7021724.00000000,8238448.86710000
2021-11-26,1.15460000,1.18180000,1.01050000,1.03010000,16179113.00000000,1637971199999,17537802.39380000,48810,7836280.00000000,8491623.02030000
2021-11-27,1.03230000,1.10220000,1.02550000,1.05490000,8849967.00000000,1638057599999,9463731.80660000,29167,4255760.00000000,4556296.23650000
2021-11-28,1.05490000,1.09190000,0.98010000,1.07680000,9022958.00000000,1638143999999,9320535.26480000,28860,4154433.00000000,4296545.97690000
2021-11-29,1.07690000,1.08670000,1.03090000,1.07010000,7235439.00000000,1638230399999,7650171.51670000,23369,3520849.00000000,3724053.91880000
2021-11-30,1.07010000,1.09000000,0.99590000,1.04050000,10992818.00000000,1638316799999,11446014.46110000,32361,5467047.00000000,5688048.72670000
2021-12-01,1.04110000,1.07490000,1.02400000,1.03890000,7458062.00000000,1638403199999,7861303.59270000,23029,3538883.00000000,3734934.83280000
2021-12-02,1.03860000,1.27000000,1.02830000,1.08150000,40305993.00000000,1638489599999,46741455.68160000,129376,20007927.00000000,23232063.35930000
2021-12-03,1.08150000,1.08660000,0.96210000,1.00140000,20370186.00000000,1638575999999,20794419.06670000,52852,10558951.00000000,10748922.86710000
2021-12-04,1.00000000,1.00940000,0.64520000,0.82810000,29486924.95000000,1638662399999,25380624.07211000,70652,14267414.38000000,12227608.91225000
2021-12-05,0.82680000,0.86940000,0.75470000,0.78250000,9946746.00000000,1638748799999,8084738.58980000,29939,4753696.00000000,3866581.20510000
2021-12-06,0.78340000,0.86380000,0.68460000,0.81200000,14365184.00000000,1638835199999,10904504.23020000,39801,7152091.00000000,5439590.33980000
2021-12-07,0.81030000,0.86090000,0.78630000,0.80600000,10599712.00000000,1638921599999,8668465.15730000,29805,5602877.00000000,4586884.97780000
2021-12-08,0.80500000,0.83870000,0.75110000,0.82580000,9326103.00000000,1639007999999,7440908.66310000,26658,4722122.00000000,3771804.35790000
2021-12-09,0.82580000,0.83300000,0.73300000,0.73750000,8559340.00000000,1639094399999,6657645.48510000,23249,4117652.00000000,3204435.42860000
2021-12-10,0.73750000,0.80000000,0.73740000,0.75260000,6461822.00000000,1639180799999,4911566.16920000,18837,3151909.00000000,2396667.27130000
2021-12-11,0.75460000,0.78740000,0.73200000,0.77730000,4835359.00000000,1639267199999,3674741.75830000,14057,2281271.00000000,1734599.13670000
2021-12-12,0.77850000,0.78750000,0.75360000,0.76720000,4176800.00000000,1639353599999,3226000.36860000,12575,2009830.00000000,1553590.28400000
2021-12-13,0.76740000,0.77160000,0.66750000,0.67600000,7628395.00000000,1639439999999,5418202.11780000,20267,3574169.00000000,2537408.86100000
2021-12-14,0.67600000,0.71420000,0.64490000,0.71010000,8255447.00000000,1639526399999,5573688.01480000,21438,4107562.00000000,2773978.59670000
2021-12-15,0.71010000,0.79000000,0.68460000,0.73600000,9293903.00000000,1639612799999,6696329.46430000,27793,4779565.00000000,3449941.77430000
2021-12-16,0.73670000,0.77210000,0.71420000,0.71500000,6341877.00000000,1639699199999,4703982.07370000,17687,3352610.00000000,2490812.21740000
2021-12-17,0.71580000,0.72920000,0.67630000,0.69190000,5198175.00000000,1639785599999,3636596.94910000,15477,2301482.00000000,1609844.09810000
2021-12-18,0.69180000,0.71830000,0.68360000,0.70210000,3422991.00000000,1639871999999,2405623.31340000,9919,1700900.00000000,1194939.83350000
2021-12-19,0.70020000,0.71120000,0.68570000,0.69090000,2623530.00000000,1639958399999,1830988.79870000,8915,1210092.00000000,845336.92940000
2021-12-20,0.69030000,0.69830000,0.63260000,0.66920000,5593438.37000000,1640044799999,3711389.96914800,15606,2561613.18000000,1700655.69455000
2021-12-21,0.66880000,0.75290000,0.66820000,0.72000000,8970912.00000000,1640131199999,6387385.68090000,24553,4493900.00000000,3199698.42520000
2021-12-22,0.72010000,0.79000000,0.70930000,0.73670000,10863487.00000000,1640217599999,8170471.41950000,28895,5484408.00000000,4133493.52720000
2021-12-23,0.73680000,0.85760000,0.72010000,0.81730000,13622760.00000000,1640303999999,10703370.08560000,34200,6852591.00000000,5392201.02860000
2021-12-24,0.81980000,0.88000000,0.79110000,0.79660000,11153954.00000000,1640390399999,9149119.00380000,33511,5788922.00000000,4756472.22600000
2021-12-25,0.79560000,0.84000000,0.78460000,0.79160000,8648129.00000000,1640476799999,6982923.51300000,21458,4653256.00000000,3758822.55720000
2021-12-26,0.79160000,0.79960000,0.76350000,0.78930000,6756549.00000000,1640563199999,5285875.89090000,18663,3341809.00000000,2616892.25410000
2021-12-27,0.78970000,0.82180000,0.78420000,0.79430000,7698207.00000000,1640649599999,6179034.99130000,21195,3787801.00000000,3041106.78940000
2021-12-28,0.79360000,0.79480000,0.70130000,0.71650000,8588060.00000000,1640735999999,6394362.79270000,23472,4069113.00000000,3033165.55710000
2021-12-29,0.71620000,0.74490000,0.69250000,0.70060000,4442392.00000000,1640822399999,3184852.94220000,13863,2187393.00000000,1570227.00090000
2021-12-30,0.70060000,0.75000000,0.68380000,0.72830000,7099758.00000000,1640908799999,5167695.74470000,20406,3857763.00000000,2807986.79200000
2021-12-31,0.72820000,0.74340000,0.70010000,0.70780000,3627908.00000000,1640995199999,2623261.33360000,12664,1706403.00000000,1235697.31280000
2022-01-01,0.70800000,0.73420000,0.70800000,0.73020000,1984023.00000000,1641081599999,1431265.85970000,7852,999541.00000000,721370.06650000
2022-01-02,0.73090000,0.73750000,0.71160000,0.72700000,2937320.00000000,1641167999999,2131382.25920000,9552,1452786.00000000,1054696.74540000
2022-01-03,0.72670000,0.72670000,0.69020000,0.70480000,3733107.00000000,1641254399999,2645823.92470000,12029,1715441.00000000,1216752.29690000
2022-01-04,0.70470000,0.72000000,0.69170000,0.69450000,3845302.00000000,1641340799999,2712802.97550000,12445,1808801.00000000,1277525.25390000
2022-01-05,0.69460000,0.71200000,0.62000000,0.64600000,6716158.58000000,1641427199999,4546686.98224400,20438,3104690.00000000,2104469.91461000
2022-01-06,0.64470000,0.65940000,0.61130000,0.63850000,5124156.00000000,1641513599999,3224798.80391600,14286,2691038.00000000,1693588.73520000
2022-01-07,0.63810000,0.66240000,0.60270000,0.63800000,7065677.00000000,1641599999999,4489020.01565000,20630,3471928.12000000,2208723.98825000
2022-01-08,0.63900000,0.70330000,0.61500000,0.63660000,7488439.00000000,1641686399999,4935462.83660000,22210,3580304.00000000,2366054.96810000
2022-01-09,0.63630000,0.67000000,0.62060000,0.64730000,3894469.00000000,1641772799999,2511233.31290000,11842,1971016.00000000,1272666.30820000
2022-01-10,0.64740000,0.66320000,0.60200000,0.63180000,4717524.00000000,1641859199999,2977960.83180000,13097,2151307.00000000,1362261.76690000
2022-01-11,0.63170000,0.65530000,0.62510000,0.65110000,3504123.00000000,1641945599999,2242421.02740000,9991,1760625.00000000,1126578.38980000
2022-01-12,0.65070000,0.71110000,0.64610000,0.69950000,6634385.00000000,1642031999999,4516872.13390000,19783,3552169.00000000,2421965.13750000
2022-01-13,0.69960000,0.71990000,0.66270000,0.66450000,4884253.00000000,1642118399999,3374179.22830000,14230,2185257.00000000,1508881.48670000
2022-01-14,0.66510000,0.71990000,0.64790000,0.71070000,4093083.00000000,1642204799999,2784280.99270000,12839,1931596.00000000,1314124.26510000
2022-01-15,0.71030000,0.77770000,0.70630000,0.73490000,8670138.00000000,1642291199999,6412820.95550000,26691,4549797.00000000,3366052.57590000
2022-01-16,0.73410000,0.74640000,0.70300000,0.71400000,3703918.00000000,1642377599999,2678135.30080000,11703,1764837.00000000,1276514.63540000
2022-01-17,0.71440000,0.71610000,0.67960000,0.69160000,3154987.00000000,1642463999999,2182997.19020000,9717,1310912.00000000,909109.38860000
2022-01-18,0.69160000,0.69430000,0.65770000,0.68160000,3053510.00000000,1642550399999,2059556.83050000,10076,1430095.00000000,964037.00840000
2022-01-19,0.68100000,0.70600000,0.66210000,0.68380000,3589002.00000000,1642636799999,2463438.53400000,10193,1748611.00000000,1201768.81420000
2022-01-20,0.68380000,0.70220000,0.64070000,0.64420000,3917804.00000000,1642723199999,2658317.36700000,10792,1798856.00000000,1225852.45490000
2022-01-21,0.64390000,0.64950000,0.55000000,0.56190000,7733138.89000000,1642809599999,4682741.46952200,21460,3580325.00000000,2171876.04960000
2022-01-22,0.56180000,0.57310000,0.49240000,0.50760000,8942051.65000000,1642895999999,4675019.59201300,23253,4117222.00000000,2152899.23962500
2022-01-23,0.50720000,0.54990000,0.50330000,0.53010000,4443949.00000000,1642982399999,2342071.97290000,11007,2380355.00000000,1254708.46000000
2022-01-24,0.53000000,0.53000000,0.45160000,0.50790000,6611855.03000000,1643068799999,3167314.25905800,16485,3202864.00000000,1534990.79880000
2022-01-25,0.50790000,0.53750000,0.49580000,0.51300000,4621304.00000000,1643155199999,2400894.26130000,9585,2250857.00000000,1172505.46450000
2022-01-26,0.51300000,0.54740000,0.49230000,0.50150000,7140233.00000000,1643241599999,3719926.66420000,14661,3156685.00000000,1649742.63280000
2022-01-27,0.50150000,0.51910000,0.47900000,0.50920000,3749350.00000000,1643327999999,1870399.49070000,8693,1840613.00000000,918905.46630000
2022-01-28,0.50990000,0.52570000,0.49550000,0.52230000,2602568.00000000,1643414399999,1331899.22650000,5843,1427316.00000000,731990.61660000
2022-01-29,0.52150000,0.53510000,0.51270000,0.52510000,1661368.00000000,1643500799999,871102.58400000,4736,836440.00000000,438893.33920000
2022-01-30,0.52610000,0.53270000,0.50550000,0.51230000,2040366.00000000,1643587199999,1058458.47680000,4938,861495.00000000,447044.06320000
2022-01-31,0.51270000,0.55800000,0.49650000,0.54920000,5167016.00000000,1643673599999,2742705.84190000,11644,2671320.00000000,1423937.63100000
2022-02-01,0.55010000,0.57080000,0.53310000,0.56500000,4118254.00000000,1643759999999,2269689.80650000,9584,2084386.00000000,1150293.41380000
2022-02-02,0.56490000,0.58690000,0.53630000,0.53980000,5880831.00000000,1643846399999,3286373.93950000,15161,2760396.00000000,1547199.44010000
2022-02-03,0.53920000,0.54820000,0.52550000,0.54360000,2795004.00000000,1643932799999,1495049.88120000,7626,1210744.00000000,648199.36140000
2022-02-04,0.54370000,0.59760000,0.54070000,0.59020000,6016809.00000000,1644019199999,3464823.41400000,16074,3045313.00000000,1752305.07120000
2022-02-05,0.59090000,0.61540000,0.57660000,0.59950000,4732596.00000000,1644105599999,2830593.97650000,12901,2288286.00000000,1368167.43860000
2022-02-06,0.59990000,0.61350000,0.58250000,0.59760000,3495573.00000000,1644191999999,2090088.43860000,9208,1686869.00000000,1009268.97130000
2022-02-07,0.59820000,0.65490000,0.58700000,0.63740000,7957034.02000000,1644278399999,5062418.54616400,21025,4014688.04000000,2554852.16275000
2022-02-08,0.63770000,0.66950000,0.59610000,0.62640000,6611835.00000000,1644364799999,4148682.42900000,17930,3176758.00000000,1999030.12180000
2022-02-09,0.62680000,0.63650000,0.60730000,0.62330000,2921867.00000000,1644451199999,1826511.79030000,8901,1500117.00000000,937902.03610000
2022-02-10,0.62300000,0.64000000,0.60000000,0.60380000,4768466.00000000,1644537599999,2969816.90360000,13074,2132274.00000000,1329864.63970000
2022-02-11,0.60370000,0.61730000,0.55800000,0.56960000,4244203.00000000,1644623999999,2508951.94650000,12603,1857280.00000000,1100639.18740000
2022-02-12,0.56980000,0.58560000,0.55430000,0.56200000,2110471.00000000,1644710399999,1193837.59470000,7261,1089354.00000000,616781.33130000
2022-02-13,0.56390000,0.57450000,0.53220000,0.53450000,2568113.00000000,1644796799999,1425550.36250000,7035,1104991.00000000,613952.76010000
2022-02-14,0.53450000,0.55700000,0.52450000,0.54810000,2516067.00000000,1644883199999,1355262.26990000,7272,1355748.00000000,731436.75730000
2022-02-15,0.54900000,0.58660000,0.54820000,0.58120000,2693414.00000000,1644969599999,1534356.00590000,8347,1479924.00000000,843090.35720000
2022-02-16,0.58060000,0.58060000,0.55710000,0.56830000,2022160.00000000,1645055999999,1147724.05770000,6208,918996.00000000,521995.47690000
2022-02-17,0.56770000,0.58970000,0.53250000,0.54200000,3603098.00000000,1645142399999,2024282.62520000,10565,1641187.00000000,924287.62580000
2022-02-18,0.54190000,0.55020000,0.51370000,0.52290000,2806918.00000000,1645228799999,1494563.33390000,8598,1252019.00000000,667087.43240000
2022-02-19,0.52290000,0.58800000,0.52240000,0.55760000,14586894.00000000,1645315199999,8189981.31630000,29701,7304027.00000000,4105896.10620000
2022-02-20,0.55790000,0.56440000,0.51310000,0.51600000,5835111.00000000,1645401599999,3151610.50720000,12464,2795445.00000000,1512708.24740000
2022-02-21,0.51600000,0.53910000,0.46960000,0.47280000,5567428.00000000,1645487999999,2825969.15740000,14855,2663152.00000000,1353896.12330000
2022-02-22,0.47360000,0.53200000,0.47030000,0.52090000,5163240.00000000,1645574399999,2616015.24680000,13417,2491430.00000000,1261481.93580000
2022-02-23,0.52090000,0.54000000,0.49050000,0.49220000,3757607.00000000,1645660799999,1951907.67440000,9246,1863043.00000000,969915.26630000
2022-02-24,0.49210000,0.49530000,0.40380000,0.45800000,11681199.44000000,1645747199999,5104675.42491600,23840,5514215.93000000,2409014.63955600
2022-02-25,0.45930000,0.49050000,0.45520000,0.48210000,3848194.00000000,1645833599999,1836152.81640000,10048,1922384.00000000,916812.67620000
2022-02-26,0.48200000,0.52000000,0.47560000,0.50400000,4132163.00000000,1645919999999,2039795.15190000,10008,2321755.00000000,1147381.83910000
2022-02-27,0.50450000,0.55680000,0.48230000,0.48590000,9492419.00000000,1646006399999,4923429.89490000,22970,4683718.00000000,2432002.43660000
2022-02-28,0.48580000,0.56980000,0.48190000,0.56960000,6388573.00000000,1646092799999,3362935.40280000,18351,3288929.00000000,1736141.06680000
2022-03-01,0.56950000,0.88000000,0.56120000,0.75820000,58820199.00000000,1646179199999,44772274.62430000,171828,30618554.00000000,23308234.48340000
2022-03-02,0.75900000,0.84560000,0.69280000,0.72910000,56051249.00000000,1646265599999,42830649.28890000,162603,28901111.00000000,22123278.01810000
2022-03-03,0.72830000,0.86250000,0.70460000,0.80580000,42646996.00000000,1646351999999,33730823.28030000,123112,22281329.00000000,17665701.78570000
2022-03-04,0.80610000,0.83000000,0.71000000,0.73040000,21921560.00000000,1646438399999,17196774.84440000,59472,10609562.00000000,8348951.79020000
2022-03-05,0.73040000,0.76290000,0.70600000,0.72770000,7911155.00000000,1646524799999,5801264.39910000,22220,3975378.00000000,2919806.90350000
2022-03-06,0.72690000,0.74190000,0.66550000,0.67950000,7080927.00000000,1646611199999,4985049.79730000,21128,3431347.00000000,2419486.83540000
2022-03-07,0.67910000,0.71270000,0.64600000,0.67110000,6152522.00000000,1646697599999,4169575.12310000,18569,2883386.00000000,1955349.71830000
2022-03-08,0.67110000,0.70380000,0.66160000,0.67730000,4588868.00000000,1646783999999,3126053.48500000,14448,2174739.00000000,1482622.41600000
2022-03-09,0.67730000,0.76980000,0.67500000,0.73360000,9649768.00000000,1646870399999,7023044.02940000,28770,4682687.00000000,3408555.24160000
2022-03-10,0.73430000,0.74000000,0.68130000,0.69730000,5319177.00000000,1646956799999,3733041.62440000,16979,2422370.00000000,1701714.08430000
2022-03-11,0.69730000,0.71000000,0.66420000,0.67060000,5733736.00000000,1647043199999,3928030.49750000,16007,2810856.00000000,1926326.28800000
2022-03-12,0.67050000,0.69260000,0.66910000,0.67240000,2227750.00000000,1647129599999,1513804.61080000,8425,1081721.00000000,735197.10810000
2022-03-13,0.67240000,0.67900000,0.62000000,0.62650000,3836774.00000000,1647215999999,2501130.97360000,11680,1812357.00000000,1181056.19290000
2022-03-14,0.62560000,0.64500000,0.61390000,0.64270000,4293362.00000000,1647302399999,2705785.74930000,12156,2152217.00000000,1357375.99130000
2022-03-15,0.64190000,0.82000000,0.61250000,0.71260000,30657315.00000000,1647388799999,22860286.93470000,86865,15637570.00000000,11662076.99620000
2022-03-16,0.71260000,0.75460000,0.68320000,0.73470000,20471082.00000000,1647475199999,14770660.94040000,59714,10055746.00000000,7262476.02310000
2022-03-17,0.73450000,0.83200000,0.73020000,0.78930000,22405416.00000000,1647561599999,17700183.09590000,58815,11665651.00000000,9206008.83340000
2022-03-18,0.78960000,0.91990000,0.75860000,0.87330000,36175224.00000000,1647647999999,30989598.91700000,87825,18545679.00000000,15891343.21740000
2022-03-19,0.87310000,0.92000000,0.86010000,0.88040000,16896879.00000000,1647734399999,15004479.88090000,42228,8212784.00000000,7296075.33890000
2022-03-20,0.88030000,1.01870000,0.83940000,0.92660000,31600655.00000000,1647820799999,29837941.96800000,92976,15827650.00000000,14992086.77990000
2022-03-21,0.92650000,0.99000000,0.92380000,0.94680000,10371359.00000000,1647907199999,9824433.77690000,40551,5176583.00000000,4905672.05170000
2022-03-22,0.94650000,1.54990000,0.90420000,1.17070000,88144736.00000000,1647993599999,104961672.61910000,303755,45076609.00000000,53890734.71250000
2022-03-23,1.17080000,1.25000000,1.01110000,1.03510000,34123040.00000000,1648079999999,37647556.65120000,164894,15710962.00000000,17391072.87110000
2022-03-24,1.03570000,1.12000000,1.00000000,1.09800000,25877452.00000000,1648166399999,27369233.04740000,93190,11890261.00000000,12609088.56870000
2022-03-25,1.09800000,1.27090000,1.09000000,1.17820000,44740032.00000000,1648252799999,52509400.66970000,162290,22759875.00000000,26746555.66150000
2022-03-26,1.17800000,1.24140000,1.14050000,1.22080000,12417001.00000000,1648339199999,14824497.39420000,46695,6568389.00000000,7850971.06400000
2022-03-27,1.22180000,1.38250000,1.21000000,1.35980000,24864780.00000000,1648425599999,32418794.56280000,104070,13171348.00000000,17174898.83770000
2022-03-28,1.36000000,1.38700000,1.20000000,1.22510000,16279249.00000000,1648511999999,21412207.53290000,78543,7945333.00000000,10475793.27540000
2022-03-29,1.22510000,1.28800000,1.16130000,1.19970000,11386360.00000000,1648598399999,14016303.55820000,53010,5402568.00000000,6669149.55120000
2022-03-30,1.19890000,1.29970000,1.16600000,1.28580000,12237782.00000000,1648684799999,15201307.96410000,55942,6501814.00000000,8081441.46000000
2022-03-31,1.28610000,1.28640000,1.16320000,1.19080000,8578351.00000000,1648771199999,10473151.84720000,44437,4236811.00000000,5165984.99220000
2022-04-01,1.18980000,1.26490000,1.15580000,1.26230000,6740640.00000000,1648857599999,8149635.46050000,33850,3431656.00000000,4156032.31200000
2022-04-02,1.26230000,1.36350000,1.20500000,1.29820000,11586621.00000000,1648943999999,14920200.60200000,48277,6229251.00000000,8031095.42720000
2022-04-03,1.29900000,1.35550000,1.28550000,1.30640000,11407901.00000000,1649030399999,15012099.88350000,41615,5415559.00000000,7134426.94340000
2022-04-04,1.30640000,1.33000000,1.22180000,1.28300000,7607240.00000000,1649116799999,9705898.06680000,34171,3813290.00000000,4868160.68140000
2022-04-05,1.28300000,1.32000000,1.25170000,1.26660000,4942058.00000000,1649203199999,6351470.33740000,24324,2507274.00000000,3226154.06420000
2022-04-06,1.26540000,1.26550000,1.11760000,1.14300000,7159686.00000000,1649289599999,8563411.83400000,32253,3226352.00000000,3856925.22320000
2022-04-07,1.14180000,1.20810000,1.10440000,1.18950000,5860014.00000000,1649375999999,6764759.63810000,26014,3117222.00000000,3594951.84030000
2022-04-08,1.18950000,1.27500000,1.00160000,1.06720000,14365679.00000000,1649462399999,16456594.50230000,56071,7247504.00000000,8313176.18330000
2022-04-09,1.06630000,1.14460000,1.05870000,1.12750000,5893271.00000000,1649548799999,6536787.35400000,22020,3025522.00000000,3356000.38060000
2022-04-10,1.12740000,1.16620000,1.11700000,1.12730000,5765368.00000000,1649635199999,6591555.82850000,18080,2661046.00000000,3039627.00690000
2022-04-11,1.12880000,1.14880000,0.99400000,1.01610000,8246620.00000000,1649721599999,8630367.46530000,29141,3732545.00000000,3909117.75640000
2022-04-12,1.01620000,1.13000000,1.00010000,1.08500000,9332345.00000000,1649807999999,10002287.08310000,33951,4828536.00000000,5175415.26730000
2022-04-13,1.08520000,1.11000000,1.04760000,1.09900000,6003914.00000000,1649894399999,6487348.49790000,20081,3088230.00000000,3337387.46160000
2022-04-14,1.09860000,1.12200000,1.04780000,1.08980000,5107134.00000000,1649980799999,5530655.43350000,18024,2557252.00000000,2773799.64850000
2022-04-15,1.08980000,1.10750000,1.06670000,1.09850000,4383246.00000000,1650067199999,4789652.36970000,15588,2037671.00000000,2227078.53620000
2022-04-16,1.09850000,1.10160000,1.07090000,1.09610000,2636319.00000000,1650153599999,2865366.59730000,11439,1242253.00000000,1350254.70710000
2022-04-17,1.09510000,1.28990000,1.09000000,1.19490000,27011519.00000000,1650239999999,32576741.92530000,92619,14053636.00000000,16940931.44350000
2022-04-18,1.19490000,1.30000000,1.13000000,1.22540000,27022777.00000000,1650326399999,32583260.64900000,100031,13698357.00000000,16533298.76070000
2022-04-19,1.22540000,1.23990000,1.18300000,1.21470000,7348115.00000000,1650412799999,8905775.30050000,30811,3455172.00000000,4189730.43810000
2022-04-20,1.21410000,1.32500000,1.18250000,1.28130000,15442828.00000000,1650499199999,19673047.31600000,59604,7382224.00000000,9420174.63990000
2022-04-21,1.28160000,1.35900000,1.24000000,1.24450000,17271081.00000000,1650585599999,22620071.06960000,60778,8096810.00000000,10633596.50000000
2022-04-22,1.24450000,1.28500000,1.17860000,1.20060000,10362988.00000000,1650671999999,12593442.00920000,33940,5112640.00000000,6213739.50230000
2022-04-23,1.20070000,1.24500000,1.17010000,1.19930000,10767162.00000000,1650758399999,13111843.36630000,29121,5471422.00000000,6663018.66310000
2022-04-24,1.19930000,1.21670000,1.14780000,1.15450000,3530192.00000000,1650844799999,4165827.39990000,16297,1747898.00000000,2065725.74880000
2022-04-25,1.15500000,1.21070000,1.02760000,1.18290000,10019160.00000000,1650931199999,11065673.05120000,39757,4787516.00000000,5290945.29410000
2022-04-26,1.18410000,1.18800000,1.05510000,1.07220000,5705274.00000000,1651017599999,6356988.79800000,25600,2492515.00000000,2780073.48680000
2022-04-27,1.07260000,1.12150000,1.04870000,1.08500000,4142165.00000000,1651103999999,4476162.20910000,18862,2110944.00000000,2285592.01090000
2022-04-28,1.08510000,1.12150000,1.07080000,1.07990000,4468286.00000000,1651190399999,4885847.74370000,17742,2143587.00000000,2346794.69920000
2022-04-29,1.07990000,1.09070000,0.99690000,1.04590000,4137868.00000000,1651276799999,4313798.39040000,18767,1882160.00000000,1966237.58460000
2022-04-30,1.04580000,1.05390000,0.90000000,0.90280000,5834554.00000000,1651363199999,5709344.28600000,23794,2529042.00000000,2477612.14750000
2022-05-01,0.90260000,0.99550000,0.90250000,0.94420000,5327418.00000000,1651449599999,5061120.64790000,20129,2693739.00000000,2566247.81810000
2022-05-02,0.94300000,1.01390000,0.92200000,0.96720000,20262115.00000000,1651535999999,19558688.50860000,51552,12384081.00000000,11989621.79180000
2022-05-03,0.96620000,1.03970000,0.95000000,0.96510000,6401069.00000000,1651622399999,6356835.79220000,23707,3115400.00000000,3095045.69980000
2022-05-04,0.96530000,1.05000000,0.95960000,1.04480000,5036687.00000000,1651708799999,5080362.74680000,21565,2503764.00000000,2522983.06610000
2022-05-05,1.04430000,1.05730000,0.92670000,0.96530000,5132145.00000000,1651795199999,5086520.45920000,21255,2307539.00000000,2293054.13100000
2022-05-06,0.96570000,0.98500000,0.88000000,0.91910000,6237985.00000000,1651881599999,5806475.20190000,22724,3239284.00000000,3019897.80490000
2022-05-07,0.91920000,0.95870000,0.85800000,0.87460000,4220920.00000000,1651967999999,3868622.04450000,16113,2158997.00000000,1981460.51200000
2022-05-08,0.87500000,0.93490000,0.81960000,0.84110000,4834486.00000000,1652054399999,4197905.78590000,19845,2267656.00000000,1970197.39650000
2022-05-09,0.84030000,0.85540000,0.71680000,0.72360000,8308014.00000000,1652140799999,6443144.67110000,28843,3805561.00000000,2948008.13010000
2022-05-10,0.72420000,0.86490000,0.69900000,0.76030000,9172487.00000000,1652227199999,7247954.31010000,31959,4779560.00000000,3794824.05130000
2022-05-11,0.75890000,0.79000000,0.53000000,0.59630000,16146787.00000000,1652313599999,10548594.36470000,48283,7296186.00000000,4784882.66780000
2022-05-12,0.59640000,0.64590000,0.45000000,0.59350000,12332298.00000000,1652399999999,6689311.50260000,42203,5888048.00000000,3207398.19570000
2022-05-13,0.59370000,0.72950000,0.58750000,0.66530000,9210573.00000000,1652486399999,6228157.73150000,28807,4512024.00000000,3047695.92000000
2022-05-14,0.66380000,0.70830000,0.57600000,0.64010000,12172736.00000000,1652572799999,7710215.75930000,31569,6349188.00000000,4025598.09960000
2022-05-15,0.64010000,0.72620000,0.61880000,0.71690000,6840570.00000000,1652659199999,4612442.99210000,27032,3541576.00000000,2394507.32140000
2022-05-16,0.71630000,0.71760000,0.65510000,0.67320000,5629367.00000000,1652745599999,3838384.87790000,21881,2813760.00000000,1919946.78720000
2022-05-17,0.67490000,0.74000000,0.67350000,0.73650000,4936246.00000000,1652831999999,3516980.07350000,19944,2457267.00000000,1751202.27680000
2022-05-18,0.73600000,0.74190000,0.64460000,0.64870000,5475579.00000000,1652918399999,3769450.89880000,20612,2613135.00000000,1804475.41640000
2022-05-19,0.64850000,0.72710000,0.64710000,0.69160000,4303375.00000000,1653004799999,2946747.59870000,15749,2163723.00000000,1482169.85900000
2022-05-20,0.69140000,0.71000000,0.61640000,0.64390000,6405186.00000000,1653091199999,4268486.98190000,20313,3024915.00000000,2014285.09690000
2022-05-21,0.64400000,0.66920000,0.62740000,0.66270000,2919747.00000000,1653177599999,1904872.65250000,11353,1348487.00000000,880293.58390000
2022-05-22,0.66220000,0.69130000,0.64420000,0.67440000,3780954.00000000,1653263999999,2523473.77420000,15250,1977531.00000000,1321658.51990000
2022-05-23,0.67440000,0.71000000,0.65600000,0.66530000,4346199.00000000,1653350399999,2968551.31280000,16476,2064103.00000000,1412341.99110000
2022-05-24,0.66570000,0.67740000,0.63000000,0.66590000,2911875.00000000,1653436799999,1907560.32950000,12172,1410888.00000000,924846.16870000
2022-05-25,0.66550000,0.67170000,0.63280000,0.64870000,2748244.00000000,1653523199999,1790599.59530000,11854,1329251.00000000,866475.32430000
2022-05-26,0.64950000,0.65890000,0.54960000,0.57670000,9056534.00000000,1653609599999,5344350.70360000,26043,4154726.00000000,2456082.96710000
2022-05-27,0.57670000,0.65000000,0.55030000,0.60080000,7717872.00000000,1653695999999,4592470.95010000,25612,3832900.00000000,2286949.81880000
2022-05-28,0.60130000,0.62530000,0.59770000,0.60660000,2623704.00000000,1653782399999,1607032.25330000,9309,1355756.00000000,830538.95080000
2022-05-29,0.60730000,0.62430000,0.59210000,0.62180000,1938941.00000000,1653868799999,1186137.92730000,7902,986382.00000000,603674.62980000
2022-05-30,0.62180000,0.70000000,0.61640000,0.68720000,5234983.00000000,1653955199999,3456587.93920000,17629,2769543.00000000,1825573.45930000
2022-05-31,0.68750000,0.70740000,0.64790000,0.67050000,4276525.00000000,1654041599999,2887006.63410000,15375,2087154.00000000,1410337.69280000
2022-06-01,0.67040000,0.68890000,0.59940000,0.61020000,4712740.00000000,1654127999999,3033686.65410000,16150,2230381.00000000,1440304.04140000
2022-06-02,0.61100000,0.64370000,0.59330000,0.63370000,2735512.00000000,1654214399999,1685077.01050000,9963,1374688.00000000,846437.74700000
2022-06-03,0.63370000,0.63660000,0.58270000,0.60720000,3228972.00000000,1654300799999,1939852.15090000,9904,1498782.00000000,900922.34970000
2022-06-04,0.60710000,0.62940000,0.59450000,0.60780000,2078038.00000000,1654387199999,1268401.65390000,7658,984454.00000000,602092.93210000
2022-06-05,0.60800000,0.62000000,0.59550000,0.60640000,1779059.00000000,1654473599999,1077045.77270000,7419,897122.00000000,543852.33320000
2022-06-06,0.60550000,0.63750000,0.60510000,0.61220000,3085615.00000000,1654559999999,1924885.00810000,10142,1622290.00000000,1012684.48150000
2022-06-07,0.61190000,0.62930000,0.57380000,0.60690000,3815994.00000000,1654646399999,2297721.71570000,12393,1770350.00000000,1066742.58020000
2022-06-08,0.60760000,0.62000000,0.59540000,0.60190000,2067291.00000000,1654732799999,1259202.81840000,7378,959707.00000000,585455.76850000
2022-06-09,0.60190000,0.65580000,0.59800000,0.62160000,4408125.00000000,1654819199999,2752631.57250000,13537,2509771.00000000,1568858.28040000
2022-06-10,0.62140000,0.69940000,0.60530000,0.65830000,10292609.00000000,1654905599999,6678589.09750000,35085,5112952.00000000,3327488.84950000
2022-06-11,0.65860000,0.68970000,0.61000000,0.62400000,7282454.00000000,1654991999999,4683575.47910000,21654,3157791.00000000,2036212.66070000
2022-06-12,0.62340000,0.63940000,0.58550000,0.58690000,4616620.00000000,1655078399999,2829165.36800000,13109,2019976.00000000,1239961.26320000
2022-06-13,0.58650000,0.62660000,0.54810000,0.56490000,8059357.00000000,1655164799999,4650410.07600000,26528,3863204.00000000,2236688.06640000
2022-06-14,0.56560000,0.63000000,0.55050000,0.60040000,6035656.00000000,1655251199999,3578608.45330000,16895,2890812.00000000,1716951.54410000
2022-06-15,0.59960000,0.66950000,0.56110000,0.66670000,6613175.00000000,1655337599999,3976926.81120000,18689,3269246.00000000,1975426.51080000
2022-06-16,0.66510000,0.66850000,0.60480000,0.61430000,4706849.00000000,1655423999999,2955195.17910000,13476,2194671.00000000,1378004.39700000
2022-06-17,0.61470000,0.72590000,0.61180000,0.72370000,13488584.00000000,1655510399999,9294068.38460000,42680,7122823.00000000,4906686.97780000
2022-06-18,0.72390000,0.75770000,0.64090000,0.71550000,14941926.00000000,1655596799999,10533089.10380000,43319,7160472.00000000,5058014.32550000
2022-06-19,0.71620000,0.78000000,0.68990000,0.75680000,8830323.00000000,1655683199999,6371053.18910000,25721,4596583.00000000,3325157.56320000
2022-06-20,0.75700000,0.88980000,0.72880000,0.84040000,14107014.00000000,1655769599999,11633373.34570000,50916,7329810.00000000,6052023.54250000
2022-06-21,0.84130000,0.92800000,0.82730000,0.83840000,8932706.00000000,1655855999999,7892547.94070000,33806,4383406.00000000,3874813.45250000
2022-06-22,0.83890000,0.89290000,0.78140000,0.83710000,9619829.00000000,1655942399999,8114566.55610000,33083,4728125.00000000,3992419.73800000
2022-06-23,0.83710000,0.88010000,0.83100000,0.86190000,4083737.00000000,1656028799999,3509276.18120000,16131,2050188.00000000,1764414.28610000
2022-06-24,0.86180000,0.88000000,0.84740000,0.86890000,3569323.00000000,1656115199999,3086183.66040000,15053,1790898.00000000,1550484.27600000
2022-06-25,0.86960000,0.94980000,0.86310000,0.90030000,7612438.00000000,1656201599999,6918473.19390000,27501,3644364.00000000,3311527.49630000
2022-06-26,0.90050000,0.92460000,0.81340000,0.81950000,5619420.00000000,1656287999999,4941712.12740000,21561,2419390.00000000,2128449.43640000
2022-06-27,0.81900000,0.86220000,0.78900000,0.80520000,4430748.00000000,1656374399999,3642418.21810000,17034,2204549.00000000,1814314.11030000
2022-06-28,0.80610000,0.82940000,0.72470000,0.73670000,4012632.00000000,1656460799999,3150807.02240000,15829,1790997.00000000,1411121.82860000
2022-06-29,0.73590000,0.76640000,0.68330000,0.69780000,6813296.00000000,1656547199999,4879895.72450000,22608,3221900.00000000,2308740.30530000
2022-06-30,0.69780000,0.80990000,0.66370000,0.80130000,11825567.00000000,1656633599999,8709048.54530000,43253,6211082.00000000,4577471.35580000
2022-07-01,0.80130000,0.82670000,0.70290000,0.72980000,6966218.00000000,1656719999999,5278964.12240000,25877,3256739.00000000,2474122.95390000
2022-07-02,0.72980000,0.75310000,0.72010000,0.74350000,1853646.00000000,1656806399999,1373960.14580000,8139,975496.00000000,723608.63730000
2022-07-03,0.74340000,0.75120000,0.72300000,0.73750000,1616413.00000000,1656892799999,1188127.47600000,6815,770881.00000000,567092.66470000
2022-07-04,0.73750000,0.78450000,0.72700000,0.78190000,2549198.00000000,1656979199999,1921331.98370000,10517,1351237.00000000,1019987.35460000
2022-07-05,0.78160000,0.78450000,0.73500000,0.74920000,3462470.00000000,1657065599999,2625283.18360000,11692,1654519.00000000,1254523.41980000
2022-07-06,0.74880000,0.78100000,0.74390000,0.75810000,2965804.00000000,1657151999999,2255628.86480000,10500,1608298.00000000,1224805.55980000
2022-07-07,0.75810000,0.83890000,0.75510000,0.80890000,5703145.00000000,1657238399999,4531616.77700000,20831,2892484.00000000,2299659.81510000
2022-07-08,0.80880000,0.82190000,0.76840000,0.77540000,3334747.00000000,1657324799999,2626856.26450000,12729,1568904.00000000,1236659.29800000
2022-07-09,0.77470000,0.82290000,0.77440000,0.80090000,2460025.00000000,1657411199999,1962339.80400000,10088,1223063.00000000,975272.80360000
2022-07-10,0.80080000,0.82160000,0.74080000,0.78420000,4359277.00000000,1657497599999,3393402.61030000,17670,2088003.00000000,1627375.31820000
2022-07-11,0.78390000,0.86510000,0.76350000,0.84800000,7264372.00000000,1657583999999,5962388.30580000,27086,3674685.00000000,3019025.74950000
2022-07-12,0.84800000,0.86000000,0.70810000,0.74840000,10445955.00000000,1657670399999,8103393.77540000,32198,5401334.00000000,4184888.50360000
2022-07-13,0.74880000,0.83860000,0.73710000,0.80340000,6710006.00000000,1657756799999,5309202.73280000,26546,3331510.00000000,2640223.14500000
2022-07-14,0.80140000,0.81810000,0.76500000,0.80490000,3354480.00000000,1657843199999,2675829.60680000,13245,1559309.00000000,1244390.48560000
2022-07-15,0.80460000,0.82420000,0.79700000,0.80140000,3125946.00000000,1657929599999,2533410.05300000,14487,1564324.00000000,1268194.89970000
2022-07-16,0.80190000,0.82390000,0.78220000,0.81330000,2943499.00000000,1658015999999,2369235.88010000,12023,1494926.00000000,1205885.86280000
2022-07-17,0.81420000,0.82410000,0.79570000,0.80240000,2469281.00000000,1658102399999,1999907.47720000,10680,1137377.00000000,921604.93020000
2022-07-18,0.80240000,0.84100000,0.79590000,0.82580000,5103940.00000000,1658188799999,4201230.74170000,20122,2490582.00000000,2053274.75470000
2022-07-19,0.82570000,0.85700000,0.81220000,0.83800000,5390701.00000000,1658275199999,4504223.18620000,20354,2697829.00000000,2255153.77390000
2022-07-20,0.83810000,0.86460000,0.80150000,0.80880000,4865889.00000000,1658361599999,4087507.41570000,18057,2443249.00000000,2055250.68800000
2022-07-21,0.80900000,0.83680000,0.78530000,0.83190000,2462687.00000000,1658447999999,2001630.58840000,11178,1215933.00000000,989393.98810000
2022-07-22,0.83210000,0.92760000,0.82580000,0.87420000,9433103.00000000,1658534399999,8254912.28930000,37009,4852422.00000000,4252121.68080000
2022-07-23,0.87420000,0.88960000,0.84540000,0.86660000,4451989.00000000,1658620799999,3859012.55400000,14127,1942191.00000000,1683677.18140000
2022-07-24,0.86700000,0.88860000,0.86010000,0.87330000,2190783.00000000,1658707199999,1909898.88890000,9109,1088129.00000000,949266.23310000
2022-07-25,0.87280000,0.96440000,0.85880000,0.90170000,9732438.00000000,1658793599999,8903597.32170000,40552,4964551.00000000,4548730.98820000
2022-07-26,0.90180000,0.96680000,0.88000000,0.94950000,9978101.00000000,1658879999999,9256267.70450000,42771,4993171.00000000,4635356.88420000
2022-07-27,0.94930000,0.99580000,0.92440000,0.97510000,9795256.00000000,1658966399999,9415676.10980000,39704,4985699.00000000,4799852.94200000
2022-07-28,0.97520000,1.01140000,0.94930000,0.97800000,6179405.00000000,1659052799999,6077564.60600000,26364,3099564.00000000,3052330.10700000
2022-07-29,0.97800000,1.01390000,0.94640000,0.97060000,6698461.00000000,1659139199999,6569087.04470000,28155,3557753.00000000,3496989.92130000
2022-07-30,0.97130000,0.98660000,0.94430000,0.95050000,3110935.00000000,1659225599999,3026041.92030000,14684,1558537.00000000,1517762.95290000
2022-07-31,0.95010000,0.97000000,0.91310000,0.92120000,3038544.00000000,1659311999999,2879414.05870000,14940,1490918.00000000,1414796.72630000
2022-08-01,0.92140000,0.94790000,0.90710000,0.93880000,2709424.00000000,1659398399999,2510950.73440000,12934,1296070.00000000,1202157.90270000
2022-08-02,0.93690000,0.99770000,0.92000000,0.97320000,7157130.00000000,1659484799999,6925422.16160000,30035,3648410.00000000,3535730.16500000
2022-08-03,0.97300000,1.11240000,0.96580000,1.03430000,8737680.00000000,1659571199999,9122067.06230000,42544,4468791.00000000,4663864.70130000
2022-08-04,1.03430000,1.22700000,1.02980000,1.18530000,19392793.00000000,1659657599999,22243006.51130000,97121,9954409.00000000,11424417.81660000
2022-08-05,1.18530000,1.21250000,1.12910000,1.18950000,9125064.00000000,1659743999999,10672196.58650000,43726,4536587.00000000,5304764.27430000
2022-08-06,1.18930000,1.19500000,1.16000000,1.16680000,3049377.00000000,1659830399999,3575034.38520000,15265,1557413.00000000,1826802.38600000
2022-08-07,1.16590000,1.17640000,1.14310000,1.16630000,2166674.00000000,1659916799999,2509179.10600000,11666,994710.00000000,1152576.50590000
2022-08-08,1.16600000,1.18810000,1.15600000,1.16620000,2630019.00000000,1660003199999,3090111.59290000,15142,1377314.00000000,1618918.84900000
2022-08-09,1.16590000,1.17390000,1.06940000,1.10270000,4232938.00000000,1660089599999,4725761.44230000,22692,1980574.00000000,2211330.38350000
2022-08-10,1.10180000,1.18720000,1.07000000,1.16150000,5801448.00000000,1660175999999,6581552.84020000,26159,2858420.00000000,3244262.85030000
2022-08-11,1.16140000,1.17730000,1.12150000,1.12700000,3091014.00000000,1660262399999,3565956.50730000,16003,1562705.00000000,1804213.93630000
2022-08-12,1.12710000,1.16060000,1.11820000,1.15640000,2315190.00000000,1660348799999,2636155.54280000,13883,1235529.00000000,1408043.08410000
2022-08-13,1.15590000,1.17320000,1.13010000,1.16270000,2531508.00000000,1660435199999,2915547.15500000,11629,1294341.00000000,1492160.15270000
2022-08-14,1.16380000,1.17000000,1.12000000,1.12120000,2325120.00000000,1660521599999,2666973.69640000,12270,1039486.00000000,1194407.50820000
2022-08-15,1.12230000,1.15000000,1.08150000,1.14190000,3275871.00000000,1660607999999,3654021.01450000,16935,1583376.00000000,1766562.93440000
2022-08-16,1.14150000,1.15240000,1.11410000,1.14890000,2555970.00000000,1660694399999,2897908.07510000,12779,1368166.00000000,1552624.45600000
2022-08-17,1.14860000,1.15330000,1.06730000,1.09200000,3556882.00000000,1660780799999,3940320.62110000,17038,1631671.00000000,1806355.35800000
2022-08-18,1.09130000,1.09200000,0.99720000,1.00660000,5412080.00000000,1660867199999,5633673.73690000,23303,2576459.00000000,2685521.35560000
2022-08-19,1.00660000,1.15480000,0.91980000,1.02210000,14267892.00000000,1660953599999,14803430.72360000,61890,7229016.00000000,7525295.95000000
2022-08-20,1.02220000,1.13000000,1.02220000,1.06520000,7357696.00000000,1661039999999,7866510.34480000,35258,3619151.00000000,3876101.66240000
2022-08-21,1.06520000,1.11000000,1.06520000,1.07790000,2876927.00000000,1661126399999,3115737.46110000,14368,1477166.00000000,1601635.29100000
2022-08-22,1.07800000,1.08990000,1.01180000,1.03640000,3495042.00000000,1661212799999,3632934.09310000,15391,1584421.00000000,1647114.54330000
2022-08-23,1.03630000,1.04660000,1.00000000,1.02510000,3567546.00000000,1661299199999,3640525.03250000,14702,2013561.00000000,2054191.91140000
2022-08-24,1.02520000,1.05000000,1.01270000,1.03010000,2404143.00000000,1661385599999,2474481.15950000,11499,1133090.00000000,1167872.35510000
2022-08-25,1.03110000,1.04040000,0.99000000,1.00800000,3135101.00000000,1661471999999,3194706.93340000,12667,1510742.00000000,1543757.92830000
2022-08-26,1.00750000,1.03160000,0.95000000,0.95920000,4225799.00000000,1661558399999,4161251.20860000,19507,1960928.00000000,1933649.57910000
2022-08-27,0.95890000,1.00940000,0.93000000,0.96300000,3878846.00000000,1661644799999,3751903.36050000,16389,1911398.00000000,1853725.15580000
2022-08-28,0.96280000,0.97320000,0.93200000,0.93340000,1597958.00000000,1661731199999,1528519.54730000,7805,719089.00000000,688516.62090000
2022-08-29,0.93380000,0.96950000,0.92550000,0.96560000,2289323.00000000,1661817599999,2174553.72740000,9904,1158532.00000000,1101798.00240000
2022-08-30,0.96530000,0.99860000,0.93770000,0.96330000,2636975.00000000,1661903999999,2560169.08860000,12511,1287742.00000000,1250987.57280000
2022-08-31,0.96570000,0.98980000,0.95000000,0.95350000,1670753.00000000,1661990399999,1618691.02400000,9239,792799.00000000,768938.23370000
2022-09-01,0.95270000,0.96310000,0.93420000,0.95740000,1920147.00000000,1662076799999,1822174.97010000,9154,927816.00000000,881003.23750000
2022-09-02,0.95670000,0.97950000,0.94700000,0.96790000,1883269.00000000,1662163199999,1817627.47950000,9618,967773.00000000,934759.27350000
2022-09-03,0.96790000,0.97200000,0.95130000,0.96760000,727812.00000000,1662249599999,700791.96750000,4300,329560.00000000,317660.32120000
2022-09-04,0.96720000,0.98000000,0.96000000,0.97860000,774545.00000000,1662335999999,750071.73500000,4500,391565.00000000,379444.52680000
2022-09-05,0.97840000,0.98800000,0.95450000,0.97840000,1492250.00000000,1662422399999,1448593.19360000,7014,721144.00000000,700583.45670000
2022-09-06,0.97950000,0.99420000,0.92700000,0.93800000,2797617.00000000,1662508799999,2697190.60490000,12869,1393021.00000000,1344956.20420000
2022-09-07,0.93810000,0.97860000,0.92970000,0.96800000,1866306.00000000,1662595199999,1780715.76800000,8714,901805.00000000,861029.56460000
2022-09-08,0.96870000,0.98000000,0.95990000,0.97410000,1567845.00000000,1662681599999,1520703.28730000,7652,832298.00000000,807909.50890000
2022-09-09,0.97450000,1.05740000,0.97300000,1.04690000,3456773.00000000,1662767999999,3543422.11230000,16872,1995690.00000000,2044291.73550000
2022-09-10,1.04750000,1.05770000,1.01000000,1.03410000,1815425.00000000,1662854399999,1873065.16870000,9115,859098.00000000,887336.56930000
2022-09-11,1.03410000,1.03810000,1.01000000,1.02750000,1244234.00000000,1662940799999,1275922.55320000,6687,560917.00000000,575666.58210000
2022-09-12,1.02650000,1.02720000,0.98360000,1.00450000,2999283.00000000,1663027199999,3011029.62080000,14304,1377974.00000000,1384884.30220000
2022-09-13,1.00450000,1.12370000,1.00000000,1.02230000,8082062.00000000,1663113599999,8556912.59730000,35649,4030447.00000000,4275806.18600000
2022-09-14,1.02230000,1.05400000,0.99000000,1.01730000,3499531.00000000,1663199999999,3549565.96510000,14689,1670581.00000000,1696070.45430000
2022-09-15,1.01720000,1.02900000,0.97000000,0.98340000,2224220.00000000,1663286399999,2216956.56500000,11485,990502.00000000,988604.67550000
2022-09-16,0.98520000,0.99600000,0.94410000,0.97440000,3443019.00000000,1663372799999,3335696.98450000,14458,1933351.00000000,1871722.17280000
2022-09-17,0.97290000,1.00730000,0.96560000,0.99790000,1467083.00000000,1663459199999,1442373.73110000,7864,796892.00000000,784376.74080000
2022-09-18,0.99840000,0.99920000,0.92500000,0.93520000,2082317.00000000,1663545599999,1994852.59600000,9983,902591.00000000,863919.60400000
2022-09-19,0.93540000,0.94950000,0.89000000,0.94460000,3270928.00000000,1663631999999,2988129.32150000,15399,1713681.00000000,1566872.49110000
2022-09-20,0.94510000,0.95000000,0.90210000,0.90580000,1858846.00000000,1663718399999,1713772.02120000,9654,855224.00000000,788273.03400000
2022-09-21,0.90610000,0.94260000,0.87550000,0.89370000,2838243.00000000,1663804799999,2571399.57250000,14630,1261076.00000000,1144591.16190000
2022-09-22,0.89360000,0.93840000,0.88570000,0.93260000,1684775.00000000,1663891199999,1535997.08780000,7991,805462.00000000,734857.82600000
2022-09-23,0.93300000,0.94000000,0.89430000,0.91700000,1811441.00000000,1663977599999,1653614.73130000,8463,860936.00000000,786755.55290000
2022-09-24,0.91770000,0.93500000,0.91000000,0.91690000,1132614.00000000,1664063999999,1042451.27830000,5393,596944.00000000,549822.00800000
2022-09-25,0.91740000,0.93370000,0.88100000,0.90070000,1401191.00000000,1664150399999,1271301.13640000,6557,651908.00000000,592357.91050000
2022-09-26,0.90060000,0.92000000,0.88890000,0.90690000,1392023.00000000,1664236799999,1253217.87590000,6652,636467.00000000,573703.62850000
2022-09-27,0.90630000,0.94000000,0.89100000,0.90300000,2429415.00000000,1664323199999,2227817.67170000,10816,1165535.00000000,1070502.11350000
2022-09-28,0.90390000,0.92500000,0.88820000,0.90530000,1750892.00000000,1664409599999,1586627.54360000,8896,876560.00000000,795407.68130000
2022-09-29,0.90530000,0.91660000,0.89000000,0.90350000,1385297.00000000,1664495999999,1249200.01190000,7031,609862.00000000,550221.43770000
2022-09-30,0.90320000,0.91000000,0.88400000,0.89630000,1805929.00000000,1664582399999,1622671.71060000,9142,891883.00000000,802004.78210000
2022-10-01,0.89720000,0.89880000,0.87920000,0.89010000,1074012.00000000,1664668799999,953925.78270000,4853,488829.00000000,434419.84310000
2022-10-02,0.89030000,0.94770000,0.87640000,0.88690000,2878626.00000000,1664755199999,2607573.32000000,14318,1430423.00000000,1297612.35050000
2022-10-03,0.88710000,0.90900000,0.88020000,0.90580000,1564005.00000000,1664841599999,1398678.74380000,6846,804334.00000000,720359.65170000
2022-10-04,0.90590000,0.92690000,0.89690000,0.91800000,1790964.00000000,1664927999999,1634042.94000000,7972,939997.00000000,858754.51120000
2022-10-05,0.91800000,1.02000000,0.90370000,0.99000000,6288897.00000000,1665014399999,6035983.10290000,27629,3288346.00000000,3158488.70680000
2022-10-06,0.99030000,1.02110000,0.95690000,0.96730000,11179006.00000000,1665100799999,11089568.69660000,34017,5646618.00000000,5612842.33310000
2022-10-07,0.96780000,0.98330000,0.91110000,0.94230000,3028607.00000000,1665187199999,2867260.09810000,11579,1541473.00000000,1460566.68080000
2022-10-08,0.94230000,0.94580000,0.93000000,0.93560000,627917.00000000,1665273599999,588951.92500000,3961,307062.00000000,288389.46180000
2022-10-09,0.93590000,0.95770000,0.92930000,0.94310000,936465.00000000,1665359999999,881776.13830000,5759,534843.00000000,504026.42720000
2022-10-10,0.94300000,0.94900000,0.92430000,0.93270000,1009034.00000000,1665446399999,945973.54840000,5621,470289.00000000,441632.33000000
2022-10-11,0.93290000,0.96990000,0.92150000,0.94540000,1522127.00000000,1665532799999,1434611.98610000,8726,734290.00000000,693258.63140000
2022-10-12,0.94580000,0.96000000,0.93400000,0.95690000,946630.00000000,1665619199999,897102.44350000,5279,462406.00000000,438835.53460000
2022-10-13,0.95700000,0.98040000,0.90010000,0.96740000,2908057.00000000,1665705599999,2751468.94630000,14190,1455708.00000000,1383156.23020000
2022-10-14,0.96600000,0.99490000,0.96600000,0.97710000,1840789.00000000,1665791999999,1803689.40990000,8449,1008740.00000000,989213.53520000
2022-10-15,0.97710000,0.99200000,0.95240000,0.98680000,1480840.00000000,1665878399999,1443982.89220000,6411,792423.00000000,774315.44270000
2022-10-16,0.98680000,1.04670000,0.98470000,1.03440000,3222010.00000000,1665964799999,3292835.38960000,13843,1784653.00000000,1824338.67680000
2022-10-17,1.03440000,1.12640000,1.02630000,1.09720000,3588966.00000000,1666051199999,3855268.55330000,17916,1946188.00000000,2093197.52760000
2022-10-18,1.09730000,1.11540000,1.04720000,1.06670000,2223464.00000000,1666137599999,2397578.08680000,11555,1027816.00000000,1109781.82260000
2022-10-19,1.06690000,1.11990000,1.06050000,1.09850000,3807159.00000000,1666223999999,4192334.04760000,16379,2093846.00000000,2303616.76190000
2022-10-20,1.09890000,1.14000000,1.08240000,1.11490000,3741775.00000000,1666310399999,4180997.04830000,14220,1920725.00000000,2148174.30430000
2022-10-21,1.11490000,1.13710000,1.09000000,1.13180000,2296513.00000000,1666396799999,2555404.85380000,10590,1167821.00000000,1300561.01850000
2022-10-22,1.13190000,1.14000000,1.11010000,1.11930000,1524370.00000000,1666483199999,1717739.58290000,7030,723305.00000000,815943.77890000
2022-10-23,1.12040000,1.12540000,1.09640000,1.12210000,1570909.00000000,1666569599999,1744974.41670000,6646,695549.00000000,772143.56770000
2022-10-24,1.12350000,1.12540000,1.04000000,1.05620000,3237616.00000000,1666655999999,3464443.53190000,12387,1709676.00000000,1830950.58390000
2022-10-25,1.05740000,1.13660000,1.04670000,1.11390000,2935263.00000000,1666742399999,3225973.56510000,12258,1484730.00000000,1628310.60080000
2022-10-26,1.11320000,1.20000000,1.11140000,1.18370000,4772046.00000000,1666828799999,5552138.53110000,21187,2515022.00000000,2930083.95520000
2022-10-27,1.18410000,1.19140000,1.12200000,1.13150000,3012322.00000000,1666915199999,3494187.91350000,13374,1286510.00000000,1493836.44190000
2022-10-28,1.13150000,1.16350000,1.10480000,1.14780000,2953576.00000000,1667001599999,3353374.34220000,12151,1444931.00000000,1641720.26590000
2022-10-29,1.14780000,1.16440000,1.13330000,1.14900000,2053604.00000000,1667087999999,2357033.08310000,9532,912172.00000000,1048619.98840000
2022-10-30,1.14780000,1.19370000,1.14100000,1.18800000,2158269.00000000,1667174399999,2521078.38790000,10088,1190924.00000000,1391920.39800000
2022-10-31,1.18860000,1.26550000,1.17730000,1.23230000,5966265.00000000,1667260799999,7296483.80880000,27458,3114503.00000000,3812237.61080000
2022-11-01,1.23230000,1.24650000,1.19900000,1.20170000,2088145.00000000,1667347199999,2551373.24410000,10629,939249.00000000,1149126.03030000
2022-11-02,1.20140000,1.20970000,1.13000000,1.16670000,4432171.00000000,1667433599999,5167778.15260000,19629,2304595.00000000,2683470.52460000
2022-11-03,1.16670000,1.19890000,1.15380000,1.15730000,2288884.00000000,1667519999999,2696985.56870000,10319,1088584.00000000,1284108.35910000
2022-11-04,1.15710000,1.23450000,1.15330000,1.22340000,3417342.00000000,1667606399999,4108884.63020000,14207,1773467.00000000,2131945.74160000
2022-11-05,1.22420000,1.22970000,1.20040000,1.20470000,1520009.00000000,1667692799999,1847404.77360000,7684,722581.00000000,878884.88170000
2022-11-06,1.20460000,1.22970000,1.17390000,1.17760000,1632473.00000000,1667779199999,1962538.76100000,7416,723541.00000000,871674.85040000
2022-11-07,1.17640000,1.19620000,1.15050000,1.17700000,2014477.00000000,1667865599999,2363537.88920000,9652,1009266.00000000,1185844.92570000
2022-11-08,1.17860000,1.24500000,1.07890000,1.16100000,12174755.00000000,1667951999999,14035089.63430000,45377,6218442.00000000,7184129.67310000
2022-11-09,1.16110000,1.21810000,0.98980000,1.04700000,11461881.00000000,1668038399999,12637353.59060000,52512,5656849.00000000,6251865.40550000
2022-11-10,1.04720000,1.19480000,1.03080000,1.18070000,6827707.00000000,1668124799999,7679922.19320000,32858,3619471.00000000,4074740.62020000
2022-11-11,1.18260000,1.21000000,1.11450000,1.19590000,4996389.00000000,1668211199999,5810480.21940000,21247,2529192.00000000,2946514.95460000
2022-11-12,1.19680000,1.45000000,1.13630000,1.44780000,17244435.00000000,1668297599999,22536318.98710000,70784,9166280.00000000,11970998.67460000
2022-11-13,1.44780000,2.34000000,1.38930000,1.92340000,110860936.11000000,1668383999999,211320301.27903000,593027,57888029.88000000,110544981.49882500
2022-11-14,1.92370000,2.73770000,1.81220000,2.26600000,88572618.40000000,1668470399999,203699955.09409900,510102,44758457.95000000,103029304.07499100
2022-11-15,2.26340000,2.44700000,1.90460000,1.95320000,40174494.00000000,1668556799999,87071460.66840000,257983,18548495.00000000,40363969.75560000
2022-11-16,1.95460000,2.45340000,1.82620000,2.18430000,55444161.00000000,1668643199999,115924379.43420000,323061,27940819.00000000,58558096.37020000
2022-11-17,2.18510000,2.36010000,2.05320000,2.11750000,27607104.00000000,1668729599999,60045061.66330000,202414,13953735.00000000,30361956.47030000
2022-11-18,2.11880000,2.38500000,2.11490000,2.31740000,25190414.00000000,1668815999999,57091839.02880000,152390,13223982.00000000,30010637.37580000
2022-11-19,2.31740000,2.45000000,2.14600000,2.17370000,17823172.00000000,1668902399999,40211324.79910000,124670,8623820.00000000,19493992.08760000
2022-11-20,2.17730000,2.18470000,1.90020000,1.93480000,18420497.00000000,1668988799999,37311922.22340000,125473,9047587.00000000,18342507.91880000
2022-11-21,1.93490000,2.14350000,1.84480000,1.94740000,16201688.00000000,1669075199999,32379250.12050000,99496,8171681.00000000,16367914.39450000
2022-11-22,1.94760000,2.31240000,1.91380000,2.20260000,20305355.00000000,1669161599999,43743517.90580000,108994,10771541.00000000,23158722.40430000
2022-11-23,2.20260000,2.23980000,2.09960000,2.18180000,8158941.00000000,1669247999999,17585078.77140000,75251,4067638.00000000,8769873.00230000
2022-11-24,2.18050000,2.26060000,2.12770000,2.16030000,7643877.00000000,1669334399999,16659213.00790000,71379,3640960.00000000,7947486.10240000
2022-11-25,2.16030000,2.35500000,2.06250000,2.08860000,12838772.00000000,1669420799999,28024511.76500000,96848,6294534.00000000,13776194.86890000
2022-11-26,2.08830000,2.14120000,1.96980000,2.00650000,4555669.00000000,1669507199999,9420311.82940000,34023,2190652.00000000,4531984.73150000
2022-11-27,2.00720000,2.06710000,1.84210000,1.99290000,9669339.00000000,1669593599999,18982993.15190000,62704,5179470.00000000,10157706.44430000
2022-11-28,1.99290000,2.16190000,1.89180000,2.00460000,10422055.00000000,1669679999999,21311976.55160000,76643,5127577.00000000,10502769.96910000
2022-11-29,2.00660000,2.08890000,1.98000000,2.08760000,6199056.00000000,1669766399999,12587354.43910000,40253,3453132.00000000,7023308.34550000
2022-11-30,2.08800000,2.14000000,2.00000000,2.09030000,7715394.00000000,1669852799999,15900341.84420000,49879,3931088.00000000,8111214.31940000
2022-12-01,2.09110000,2.30000000,2.03220000,2.24220000,14273474.00000000,1669939199999,30899190.46130000,101818,7395786.00000000,16046285.34200000
2022-12-02,2.24410000,2.53900000,2.17350000,2.46000000,20366407.00000000,1670025599999,48720240.99850000,148877,10541286.00000000,25258678.88380000
2022-12-03,2.46000000,2.52590000,2.25750000,2.37600000,9423513.00000000,1670111999999,22337210.55780000,73503,4571441.00000000,10852935.16040000
2022-12-04,2.37620000,2.51770000,2.35050000,2.46920000,4396612.00000000,1670198399999,10701489.65770000,35235,2268325.00000000,5523077.06250000
